200 100
44632247
876080017
108026500
918395672
48569709
28665467
681825965
651050913
420057910
397434736
39075653
208940442
771068319
514573219
780776981
729443502
73046041
666364151
897543643
75166547
19319753
376125287
193614874
135193895
42282563
750892481
53514163
24062239
900146289
749146528
823934010
846804653
907767749
367555293
62928167
714688811
3544357
731519555
241618231
696787025
52162679
164725705
491724583
360687652
584458611
144780778
409185107
378199319
180765365
633805836
192097607
208315167
890027575
1636620
187524363
171884354
119774729
406570269
33871703
467984035
829128097
88946073
68597403
753247254
239640231
975000373
949053721
132763525
335069991
13383385
201864856
899203368
15815453
728549939
339492619
229270366
770220931
883401125
204504795
653221188
234519663
300629182
107568199
458454531
673922355
11728215
981272369
858805077
462439077
35814807
123597713
298940264
45416710
3451673
299764955
393949211
908772045
382444101
687346383
399914350
223170911
315210607
9553176
81079949
178997265
211962853
771482888
363199584
22120665
175943922
313237967
193760263
588930532
315043376
513318028
12953719
192829906
162495073
56073465
321290937
116663571
301093305
508958619
902854019
66746371
124562709
457988819
40520751
788932867
987508378
672959145
865563138
70689446
212644133
32832961
8429960
422848069
60202595
846418623
454233678
395492889
280157000
463020049
384958331
68566948
484800183
807924580
127678951
427299429
222513636
856237399
669386851
112345276
492211889
388310241
112470461
9959091
685437633
942376583
729412541
447499889
535417699
582836801
651269
757625503
219611981
38083756
938969249
647022559
56528033
156483961
192771997
71252576
554617504
71247804
140117025
322603901
407430651
354972994
859686507
58297169
398703817
967538536
616190883
728610446
802047983
972574647
311024503
886584987
226960025
652222903
914094243
705431787
795369321
324744673
357218675
33118897
221464711
829444249
412488365
