200 1000
66849839
688252252
256572433
391620841
59621706
516824599
18911933
955588867
723212159
108755081
441458426
656883965
207598859
50501210
505613438
21719733
642420009
676421159
3533041
209351329
420593783
119182040
655111083
41227045
698439190
732860597
846716818
244754971
429143047
984500359
557279855
20500099
238681859
812410482
122264361
847782228
47932805
522015805
967518051
558413588
246590433
833591565
272250849
121810534
457382065
990935486
112490155
67562879
445776209
788426433
424848957
462875401
8089097
987071911
775824399
84330119
75515691
385745310
370918857
191026897
891495677
109925219
75717706
223314722
219892448
803133996
157444351
740308993
649450852
922532789
100390407
120678953
369849949
139755762
27933411
22482353
314211205
471592943
197617404
110144907
41984127
963871530
134471125
339185829
254108725
312522779
450741117
924464448
645542411
422840791
753948785
141755693
80365995
795512575
19833237
2500041
90790988
477612343
684021329
202095259
9049079
195469465
473839463
199499393
505611656
199134228
297394540
599342913
854330363
249180101
24881375
463552059
266242515
365488727
381572895
678086129
518926525
316462133
891392289
166090551
8350119
320576495
825314751
585412754
28468189
24844519
816140245
583837259
300742609
129741959
948884996
135941
53476183
477369028
400801489
379913519
935549121
639316534
38065186
850657437
82034931
126899988
956380675
36557133
924428447
303598234
616308271
570560432
110274493
199025311
78451381
399221850
168652599
748432342
51194367
79331063
149822525
380166731
398543691
117043205
524907455
529053806
238360889
76671301
56270381
27430671
126575067
954067971
908627000
737548557
368452639
6897129
44214394
666661394
72565549
780717632
151053769
205304098
233012129
769170387
412456614
355081611
695790023
19866813
761098012
562814521
138752182
977526399
238437437
211886235
114699841
418261542
854251221
471664758
629782066
243154771
35733318
679867338
935239194
390423442
