100 442
592321
133443
470595
269941
465481
593642
341707
916178
11293
571568
929009
389734
103629
376318
394439
574746
600247
332296
909625
57367
926169
524137
329339
521775
376478
809322
470137
142363
143171
358769
465709
640681
373813
210941
251031
609125
709019
810560
258286
636916
218479
63019
643892
2425
832286
16520
726563
1615
140788
455048
835612
214479
587106
218790
161621
208837
409087
728061
745511
548161
284219
804733
738769
509336
77790
486954
340019
888324
862077
95399
29833
326762
958035
578633
954969
982807
879441
366893
814733
311093
596241
83171
372999
530229
885
240934
161403
451793
72821
132844
253799
320917
214407
940643
1793
912810
18478
720569
603142
565322
