5000 28
887
870
604
469
207
723
47
19
27
234
333
516
719
786
202
139
163
542
378
155
15
153
361
497
664
700
228
241
227
387
191
610
994
474
151
332
822
228
587
457
825
833
7
594
483
206
67
460
604
343
249
394
970
9
585
41
145
965
459
787
291
741
29
523
870
79
57
219
834
210
41
974
855
397
3
918
26
943
334
917
147
495
61
37
17
795
773
146
140
942
427
462
309
325
279
127
323
220
719
687
178
107
692
812
614
23
237
344
487
979
9
685
3
971
94
93
276
337
222
373
102
663
102
883
345
231
345
428
955
323
51
133
568
81
840
473
171
245
474
657
31
869
211
667
518
647
299
119
119
247
951
499
656
792
151
172
732
625
435
207
264
147
686
219
224
509
175
614
287
237
439
391
391
31
19
35
23
171
19
271
577
205
359
551
732
131
303
459
254
125
203
299
545
191
477
383
409
545
640
679
251
512
165
63
502
836
804
223
941
185
23
406
779
172
207
392
597
581
173
117
171
585
357
388
890
195
891
673
576
27
5
411
37
34
515
503
793
792
181
483
559
913
265
563
445
428
237
417
819
997
815
183
563
564
268
720
140
892
67
481
653
179
249
45
224
367
555
405
459
983
379
855
267
442
819
54
473
75
55
345
25
51
814
659
424
245
345
680
266
577
261
812
911
321
151
564
25
141
623
980
325
609
450
43
302
683
153
29
335
354
167
579
837
481
875
213
369
13
922
125
45
93
895
3
585
143
752
531
3
842
29
271
167
249
642
234
193
476
65
562
973
441
571
319
640
333
905
214
546
191
131
97
61
619
481
499
581
367
335
755
611
872
969
919
273
863
198
397
217
365
75
693
297
529
79
167
639
61
531
335
149
686
339
976
13
395
163
223
48
37
240
491
36
647
743
198
45
115
935
341
15
93
262
509
229
87
453
171
88
469
809
687
551
541
181
691
357
963
451
11
694
357
989
751
116
180
330
641
987
93
181
220
599
991
208
133
104
199
45
13
417
158
563
471
330
785
97
690
411
11
687
653
457
150
395
213
71
786
462
617
951
362
77
646
855
560
613
316
489
771
331
759
529
637
234
704
237
766
567
181
707
431
435
146
595
147
151
221
124
27
477
597
209
149
827
191
533
77
283
37
750
359
45
949
350
775
267
331
135
488
215
590
29
75
521
391
558
93
37
343
234
778
109
823
319
573
887
969
49
157
763
19
910
105
907
149
112
611
232
145
453
816
412
332
449
3
40
25
947
53
943
979
369
193
975
419
323
181
622
170
69
483
292
261
328
120
173
68
859
849
230
143
13
791
361
35
45
381
243
411
923
899
331
487
25
677
91
33
907
579
7
94
151
334
290
287
313
633
175
971
295
162
807
26
55
17
41
73
31
495
382
125
931
578
111
506
237
769
809
475
33
403
473
855
981
525
307
383
582
223
312
915
939
241
439
193
285
485
698
877
693
13
49
836
243
244
376
486
155
113
468
179
105
8
249
81
519
629
425
278
595
16
219
555
521
61
97
565
391
441
83
881
185
83
757
930
673
198
169
442
497
717
407
415
160
679
31
759
817
187
947
583
327
15
873
195
397
106
325
587
301
633
411
829
305
470
953
146
752
3
920
758
789
527
524
75
885
7
889
731
747
285
191
736
598
448
239
137
200
423
157
331
362
223
875
291
610
819
634
570
677
49
275
5
497
425
93
999
67
67
733
869
237
33
62
406
859
790
933
736
958
917
124
569
465
103
588
247
1
46
206
687
209
55
175
191
693
644
266
95
943
603
948
652
733
117
47
515
12
527
947
49
203
129
249
143
349
817
108
473
459
831
699
690
573
601
705
159
478
570
996
752
11
947
786
378
77
609
484
25
35
419
779
93
261
476
3
78
163
301
1
961
505
545
279
270
123
530
27
45
352
20
730
321
393
499
127
493
657
465
797
761
677
253
139
345
445
471
407
64
963
667
758
540
283
3
483
890
702
399
407
268
91
87
113
523
601
745
204
536
18
353
293
504
69
202
49
703
154
31
261
459
678
578
520
232
243
511
275
3
67
875
182
377
17
540
738
200
41
895
872
242
775
47
22
279
399
379
873
197
473
931
487
637
613
433
886
299
418
449
770
989
873
541
347
417
518
809
321
701
21
3
643
287
815
29
101
635
164
921
609
357
396
291
655
437
713
421
679
139
89
457
37
903
103
767
934
351
345
499
475
605
647
562
847
392
491
384
230
567
850
605
667
547
725
437
9
891
25
169
64
229
627
631
405
309
39
720
447
416
183
425
357
505
197
323
148
404
593
143
805
598
657
867
49
883
159
628
59
747
59
578
931
7
611
221
927
235
983
137
890
957
219
727
205
197
879
757
849
326
343
682
383
377
351
199
865
607
174
119
404
423
964
19
443
725
994
157
983
401
857
684
836
143
873
1
693
943
246
796
119
223
394
358
125
465
23
391
547
179
739
951
77
837
153
222
89
42
41
915
43
955
125
18
587
711
121
297
282
927
740
685
317
51
918
97
1
385
391
525
19
904
315
662
985
311
395
143
491
122
721
527
305
837
593
557
485
167
165
116
770
599
107
33
5
23
789
539
63
487
316
45
361
325
100
625
29
388
692
83
29
435
123
451
165
351
128
145
901
341
163
183
976
739
167
868
365
427
477
187
399
707
655
690
558
362
233
827
89
35
303
138
368
659
532
49
179
350
301
31
21
79
93
336
102
137
185
873
938
873
719
62
31
395
73
213
892
275
739
233
182
210
948
877
598
204
322
221
745
133
251
2
752
411
239
486
663
959
385
984
117
443
557
66
891
536
937
480
583
21
291
569
645
479
770
146
91
54
701
345
832
797
93
24
546
397
790
435
470
295
17
251
149
131
721
253
271
431
929
3
989
5
685
568
421
760
365
71
85
660
9
116
315
656
314
784
383
89
969
275
17
495
225
464
581
553
1000
97
35
638
183
238
337
901
283
310
886
99
497
135
232
23
708
929
3
985
125
373
105
901
29
9
443
117
927
834
56
99
405
222
227
161
147
236
363
125
81
855
213
153
272
53
789
345
583
361
111
83
875
838
924
962
299
936
469
731
977
361
106
54
880
979
385
591
320
544
617
254
636
268
637
55
225
190
497
707
417
247
355
163
524
61
580
109
27
560
5
121
187
618
157
699
301
373
607
327
71
773
31
873
599
153
326
615
7
127
922
85
725
308
5
875
897
243
390
463
309
639
161
293
941
290
83
709
921
41
227
803
655
193
260
19
49
496
5
205
205
117
174
475
543
515
306
11
477
659
447
786
690
216
309
21
423
890
272
309
969
973
603
91
323
53
497
185
542
483
154
466
171
119
990
126
493
432
369
44
259
620
956
684
215
37
887
151
509
453
349
659
783
21
166
959
533
134
53
635
445
39
183
311
181
335
518
732
687
453
427
169
929
206
421
221
293
113
177
630
643
298
802
985
115
164
331
993
100
419
860
253
181
237
707
499
384
579
329
415
235
23
291
121
197
872
755
327
8
567
780
555
21
7
714
292
31
247
123
81
295
103
147
212
193
58
367
265
841
813
135
121
31
403
31
116
408
753
281
827
7
815
893
477
918
233
903
472
2
181
173
11
189
204
241
345
940
363
733
157
527
61
885
377
371
695
45
125
299
391
61
49
471
23
243
393
289
317
657
359
48
623
292
709
806
558
669
461
751
41
528
361
79
963
17
204
255
121
67
7
231
133
257
275
749
151
415
457
75
241
917
313
87
467
352
39
199
766
723
310
713
897
225
46
987
93
460
715
935
632
705
493
493
181
594
882
886
251
363
335
790
121
911
41
329
317
413
705
141
193
376
111
860
307
752
653
149
423
984
49
741
924
874
479
939
759
677
617
59
399
383
285
815
495
107
444
525
277
41
293
382
243
166
199
849
123
441
219
35
551
975
887
145
224
435
794
757
927
511
577
445
624
383
899
275
69
650
885
107
383
55
473
511
73
75
137
395
97
839
647
577
9
137
270
596
500
814
307
105
199
725
623
189
144
659
443
270
694
377
15
497
591
301
837
17
255
1
170
519
293
95
928
354
47
137
103
603
367
129
619
953
545
917
77
494
311
277
145
163
505
789
223
627
326
187
18
57
130
159
737
399
684
609
722
714
167
399
225
236
153
1
805
382
459
235
308
83
929
211
960
233
93
105
930
653
592
127
157
403
11
68
333
742
993
55
427
399
633
81
944
315
839
287
82
39
399
181
649
43
132
902
904
419
861
743
479
471
639
133
645
937
960
429
553
105
277
508
584
854
67
105
617
715
119
223
443
207
879
151
527
314
134
140
645
751
977
143
380
122
543
811
219
777
217
537
879
325
625
3
151
243
569
879
91
195
460
822
469
872
119
431
29
204
793
389
311
923
552
31
97
199
349
712
650
209
351
33
566
712
208
297
733
825
221
309
375
906
321
47
995
476
916
717
88
297
854
115
900
187
119
16
21
565
961
431
850
537
125
25
125
645
672
479
96
876
747
149
473
115
723
675
218
353
37
681
921
119
315
157
509
843
205
179
852
700
885
546
917
513
787
295
853
163
289
966
191
327
167
343
790
79
807
363
830
670
492
288
607
199
879
241
439
84
439
635
827
774
131
45
843
387
115
247
219
287
283
214
902
65
863
45
131
401
87
855
17
95
931
79
139
41
115
102
531
9
323
159
21
91
749
977
13
429
481
751
743
49
213
206
251
731
505
995
424
71
53
573
312
189
542
725
495
453
230
485
119
457
402
491
930
447
331
500
724
867
693
3
289
11
86
233
569
433
976
569
295
29
489
444
487
159
544
163
291
67
227
215
601
67
3
823
835
895
257
115
340
812
43
329
105
71
874
47
841
31
275
728
64
175
159
787
783
555
217
273
245
39
297
395
23
682
1
373
31
39
33
894
285
971
746
930
399
714
87
919
489
964
551
85
129
101
169
891
825
365
653
589
150
943
703
667
90
154
419
169
19
661
680
171
145
498
700
864
163
445
189
391
565
809
702
339
482
147
45
47
966
534
15
103
835
87
887
244
943
367
205
686
661
391
129
299
441
139
895
3
875
415
473
45
489
795
725
127
789
701
63
103
229
61
747
313
775
191
687
203
783
433
183
55
279
287
5
373
431
105
59
659
442
685
489
905
359
845
495
373
31
883
954
202
549
1
432
924
543
48
471
37
117
33
293
451
535
33
79
1
716
583
369
21
942
47
952
21
844
327
33
833
111
763
526
348
948
507
285
391
13
683
71
127
3
763
614
81
69
717
715
49
51
256
814
311
237
374
861
93
107
163
965
35
686
427
19
867
3
121
994
999
939
669
153
553
53
967
987
307
358
79
827
899
35
751
279
577
355
785
88
393
87
487
156
459
130
674
3
37
764
882
83
612
455
441
914
720
298
920
735
446
11
87
330
231
57
169
385
169
131
630
831
840
757
956
49
311
69
897
417
173
49
830
283
421
562
265
553
203
145
143
707
61
788
195
997
439
35
121
89
761
66
558
889
973
79
90
825
99
23
745
65
857
405
211
17
209
121
115
243
588
775
979
820
596
671
835
637
753
17
254
196
344
651
228
637
724
600
134
442
597
775
361
55
693
731
765
425
887
479
234
439
709
13
763
141
424
340
389
386
397
614
605
747
199
763
39
485
31
365
131
503
242
337
117
283
191
701
578
181
55
599
127
247
481
852
45
635
115
203
819
871
375
757
21
63
501
987
225
223
614
595
68
25
19
31
459
389
609
95
485
45
390
780
699
539
423
909
207
621
236
139
380
294
304
504
487
568
105
968
331
287
55
305
1
268
335
227
384
389
373
825
262
71
85
448
233
59
241
597
27
560
237
7
879
521
63
907
792
287
175
219
829
122
779
946
197
239
27
45
289
499
45
424
339
156
528
401
962
824
698
137
229
39
321
141
635
423
67
31
230
1
590
373
49
848
239
638
53
596
781
647
365
515
181
31
213
871
90
681
803
187
319
17
853
800
506
121
391
167
840
775
273
198
648
207
135
887
813
596
305
820
723
45
671
532
239
22
87
280
1
107
985
833
588
275
626
901
231
688
103
187
671
506
969
468
435
411
333
213
468
287
489
25
751
205
75
891
412
614
378
251
441
611
393
886
399
319
953
79
161
11
317
19
990
33
797
109
7
235
313
299
961
333
621
91
354
217
37
781
705
711
13
797
857
76
110
433
640
683
932
452
721
455
62
141
127
595
255
777
291
857
141
580
418
257
773
35
53
749
984
971
341
299
883
795
171
219
3
19
759
475
565
233
453
15
237
582
481
871
856
857
277
75
363
715
101
19
107
270
839
201
323
37
535
61
691
71
3
949
494
819
31
439
209
839
255
904
291
450
717
526
245
512
97
32
121
481
25
697
711
7
463
93
313
99
472
749
25
27
125
27
89
7
937
113
681
41
677
899
31
741
177
326
1000
244
147
51
3
485
165
840
789
429
848
935
949
73
549
229
601
465
137
130
279
428
235
115
313
15
407
382
239
507
503
12
113
185
193
465
423
599
358
375
79
741
21
645
438
785
913
508
203
757
63
53
982
149
162
7
927
986
235
993
1
961
23
581
230
463
57
633
119
635
953
245
23
584
419
924
29
243
985
303
559
233
985
561
985
326
395
973
440
267
209
157
459
769
315
369
624
823
444
179
183
953
546
125
163
203
286
624
111
166
549
321
455
229
784
101
233
35
139
679
208
191
791
21
419
213
495
437
111
385
435
519
241
778
16
231
473
5
871
203
338
389
779
29
9
640
139
637
393
891
525
631
57
178
788
87
515
393
983
53
235
477
666
1
907
237
911
181
225
489
537
213
754
435
884
701
755
51
445
848
772
611
193
393
467
974
784
223
271
179
498
484
805
677
184
197
445
95
761
115
139
279
203
47
47
943
405
561
347
783
8
681
11
528
495
721
331
375
611
965
39
105
151
453
186
213
275
911
19
807
319
229
223
645
257
794
141
153
69
535
703
453
419
76
359
909
587
450
326
307
103
959
667
121
83
54
787
49
903
804
641
791
363
109
141
727
995
853
5
703
839
365
827
67
993
717
785
173
773
95
9
355
281
343
389
168
909
803
807
472
557
559
149
59
607
21
558
97
357
375
345
103
875
2
617
417
219
602
757
857
495
253
656
233
1
857
525
1
863
786
765
785
777
802
595
832
935
195
316
551
3
934
691
446
125
359
263
521
7
175
809
230
291
392
405
59
381
593
235
428
283
263
187
343
724
135
787
724
335
305
299
389
673
321
982
205
303
253
482
129
666
32
111
953
293
391
703
47
287
152
667
977
127
61
323
490
911
187
289
975
537
433
461
239
325
149
973
179
827
451
121
113
854
127
301
53
421
425
263
349
125
431
849
1
791
67
752
203
375
603
137
849
173
39
904
3
657
717
485
847
17
82
723
349
248
3
137
431
37
750
143
864
935
271
300
401
330
325
24
637
171
5
139
503
749
135
169
875
696
197
1
617
3
733
17
641
652
3
87
419
673
66
483
953
133
9
988
860
609
80
566
318
441
109
807
243
139
217
29
327
7
66
321
45
799
806
182
365
435
661
77
45
813
467
296
891
899
19
373
459
337
927
979
43
347
181
73
407
113
95
753
178
448
436
121
362
906
476
233
33
9
903
915
190
990
791
170
65
377
653
47
223
81
27
351
402
352
997
404
175
79
234
639
259
275
943
978
91
941
27
761
127
459
127
271
972
517
70
23
101
655
765
323
425
731
732
854
673
209
951
731
414
7
47
393
710
26
667
746
477
757
182
39
387
761
703
15
343
379
490
349
629
30
357
733
903
61
326
68
175
431
579
387
90
857
714
314
538
144
31
203
549
515
401
631
213
583
973
415
651
916
173
43
111
266
840
435
205
573
846
935
910
26
663
694
479
223
168
261
130
471
465
141
103
299
109
921
141
947
99
725
435
161
217
263
207
799
799
75
289
431
217
493
588
87
55
884
25
111
986
415
110
461
661
789
118
273
13
555
61
914
899
609
689
27
906
901
228
473
260
50
107
884
448
67
193
127
223
826
954
63
944
229
515
119
237
465
448
593
373
61
131
799
661
254
70
229
724
669
861
775
121
520
201
239
811
509
179
497
245
560
945
743
961
169
389
425
354
29
197
945
217
285
589
81
304
905
27
891
908
401
952
419
901
854
702
149
17
281
963
159
957
894
761
467
227
267
197
277
102
352
468
391
67
472
3
115
43
834
878
909
561
923
614
591
586
925
101
41
607
882
235
793
230
719
17
694
580
195
709
63
898
73
197
151
529
471
963
445
13
17
519
775
87
101
278
917
61
615
983
854
623
769
337
694
96
575
889
636
55
943
57
464
177
545
287
339
13
429
518
37
989
427
145
67
209
421
15
93
203
89
125
67
650
293
417
509
277
887
291
379
711
897
411
55
190
9
141
135
148
530
55
572
754
317
593
918
193
923
431
477
885
145
163
710
147
437
840
141
344
175
318
379
112
738
585
790
579
239
379
74
714
71
367
395
943
656
447
43
117
135
955
825
588
243
241
331
1
195
856
176
820
453
921
75
821
621
693
331
571
67
315
19
3
97
323
636
1000
191
983
559
195
615
25
765
383
981
53
177
611
994
117
129
215
7
96
413
844
312
507
909
136
29
329
870
153
217
155
155
188
52
29
461
225
685
545
135
95
3
842
371
575
393
239
592
86
419
759
875
205
313
415
925
3
61
49
35
918
93
363
801
927
425
33
426
171
52
848
141
226
17
145
218
209
379
225
756
563
915
719
597
568
485
441
51
143
17
578
959
440
958
604
67
487
855
168
913
962
476
819
97
593
59
881
527
155
383
197
919
345
988
210
953
512
311
315
232
364
41
256
872
414
39
303
3
447
53
80
799
135
648
641
897
183
241
879
569
999
99
291
463
645
59
284
744
333
219
810
461
404
97
264
363
1
656
43
7
37
177
551
395
441
181
923
787
57
290
811
993
183
423
163
105
893
317
309
141
59
5
193
113
198
469
927
147
459
371
177
834
85
461
134
271
549
281
293
549
719
142
295
545
105
211
33
469
15
105
319
251
277
296
491
41
167
670
236
171
968
223
766
388
753
367
231
47
315
747
77
583
513
776
537
257
351
624
85
243
31
773
773
579
873
797
397
363
377
718
349
480
185
69
7
788
70
154
889
5
35
627
913
418
506
43
821
647
229
647
131
654
689
680
697
141
218
257
553
15
61
251
855
393
71
338
579
241
13
489
496
738
473
717
887
29
101
284
173
192
399
343
139
285
967
760
895
827
983
531
468
689
731
647
552
317
267
557
399
153
7
505
14
100
383
115
151
970
85
353
251
81
205
817
210
599
209
620
377
137
66
66
608
518
389
157
964
373
337
465
628
858
73
645
364
15
643
679
509
819
784
356
113
122
421
151
208
51
501
189
175
961
241
683
275
59
450
441
165
764
758
523
605
475
929
121
972
325
81
515
417
265
439
303
295
45
344
1
213
749
81
735
567
225
906
47
835
439
870
140
69
61
205
795
123
15
327
367
161
581
645
178
623
746
27
169
262
81
65
746
730
245
362
167
197
894
578
572
377
357
789
123
853
479
199
331
665
167
698
943
984
63
629
931
114
450
426
655
564
238
99
814
249
774
435
312
245
485
283
3
55
956
175
511
571
7
751
440
495
417
150
17
361
656
384
219
251
49
107
987
890
597
77
21
43
439
235
548
64
599
326
68
698
339
75
681
672
55
121
510
401
149
506
263
308
160
241
330
138
175
532
79
168
73
143
231
79
677
234
629
391
30
426
909
474
7
373
895
315
40
910
455
950
502
63
211
9
529
754
759
472
915
363
899
503
749
207
177
41
135
860
167
887
839
15
142
187
344
991
93
613
372
104
81
9
203
33
209
234
921
644
154
879
43
2
85
2
331
37
972
495
255
87
97
226
71
138
51
98
307
859
164
748
657
361
217
500
956
813
3
846
171
77
995
71
286
63
819
602
420
621
483
505
213
327
859
827
59
479
200
617
746
317
205
63
731
585
43
339
773
49
643
15
246
164
135
311
572
47
297
76
137
397
951
427
687
347
181
279
516
421
53
70
992
967
180
307
39
205
417
983
987
919
78
605
419
758
143
143
178
631
683
387
51
700
502
131
100
233
741
505
447
791
317
809
844
645
363
795
480
735
357
888
517
953
662
62
483
723
647
800
86
481
85
213
963
13
851
31
387
501
881
861
145
723
44
215
339
180
808
357
141
627
111
293
383
29
658
431
37
385
57
871
253
443
798
567
63
1
657
682
263
730
764
885
572
57
13
122
795
70
205
9
363
710
489
159
459
982
89
225
359
227
167
934
846
306
18
475
169
489
137
255
105
429
373
9
3
219
947
377
897
244
671
113
560
207
293
661
138
191
514
612
813
203
257
183
475
365
114
109
747
285
11
381
103
611
933
838
129
399
147
37
561
53
471
31
435
669
17
210
355
210
273
433
123
98
187
287
890
1
949
467
681
511
988
47
188
725
201
921
55
231
203
540
295
302
985
234
485
821
9
328
363
77
72
715
833
995
323
948
49
921
368
107
223
27
594
227
125
157
77
191
611
345
761
409
43
319
619
47
41
33
447
187
243
40
629
901
964
5
502
416
749
967
299
113
626
903
61
697
97
247
341
39
27
158
935
693
732
802
930
11
231
642
197
19
296
870
310
231
229
525
683
553
177
107
590
145
47
158
7
848
855
235
505
833
231
417
322
453
327
533
609
131
749
68
955
182
563
580
107
647
265
419
890
353
655
499
688
112
963
699
506
743
866
544
13
993
31
739
795
330
177
202
93
553
25
79
834
544
1
679
413
156
345
154
886
169
103
13
661
653
658
21
235
686
767
896
245
862
705
459
151
533
145
169
485
839
591
829
77
884
695
932
880
573
329
792
253
169
845
77
677
423
21
627
967
967
237
25
107
706
31
93
203
83
246
105
201
47
65
945
273
527
397
415
325
469
53
834
84
185
652
430
237
157
967
281
936
779
748
137
63
679
794
115
578
299
857
251
855
151
934
27
231
673
398
25
343
425
176
807
553
484
564
473
913
291
555
162
181
547
151
980
911
153
156
949
956
93
805
103
221
31
283
37
749
11
815
56
162
79
33
53
105
527
960
968
755
831
49
851
400
182
87
687
115
539
493
972
25
416
47
45
645
203
207
322
93
191
977
981
29
506
327
696
475
910
275
257
159
975
487
398
255
713
789
943
441
237
105
735
303
571
159
379
15
273
654
59
480
652
570
936
279
888
220
897
151
229
544
595
691
157
68
369
19
185
387
688
483
111
53
113
195
491
644
825
423
207
410
727
775
419
970
27
