4000 293
624982598
147411809
37119441
394049565
871873729
470750195
166691041
548117836
145578745
839068961
611493864
252668485
876360152
408003931
379527367
337686091
967237213
661442972
282627937
525273575
331463303
236302221
354790753
868911207
146573501
756154841
278269105
324434309
755290243
882289683
843283275
412415993
224050638
338397589
92117753
717724134
279287325
721108739
327386485
382636390
786315980
379481371
527322228
26376126
48278920
242424675
71452255
370364161
145868610
120518621
152530355
334955733
696939725
195438255
410886940
54933227
143265501
815062415
606372571
439089327
183948745
537466057
667699891
85520767
254885341
264993323
865937315
797588018
770724159
458678101
333133861
762472147
660283692
135545347
865322793
29277913
532946322
192395839
721173808
491899192
68107175
21781491
90636095
431281253
421543793
333680513
591039527
37504003
737492767
61192241
774584161
433554197
532581356
11104515
794524389
136322253
736705878
818832637
414541391
224379546
607778921
864146809
629369315
174537819
355041824
628066703
606523848
92497807
312663543
173410611
840509407
644999931
182574200
846473726
610532567
474474563
366517642
774838665
977004155
802387883
18856535
299259585
568578108
67953861
622434130
541083415
405205455
71339013
305976520
57539629
138615109
367502994
378801455
849881503
907034419
805362966
842510955
387557999
39051095
683614201
966168250
388933369
730421427
677432311
337055689
20552995
613706563
294712770
813976503
41835409
127095367
927458189
202163486
472978795
996417649
170389121
291899667
234728857
163662145
3041013
8089129
11778401
27217707
415135469
832629581
748504507
625657785
380730685
606036301
352311698
427448789
988830683
44652897
151912819
387643750
74489015
770181824
360453167
46299921
996574759
338015037
972023462
25660129
436386699
639588444
108502497
549210372
174925210
958668174
244442891
757324112
783626403
884219017
193511247
859150806
86682560
436636469
108235599
352120919
840019941
555592679
977101592
812470691
593485546
41447661
688858696
962040111
878106210
12944429
655941015
218041483
560775413
190463213
979970582
511622465
583517262
881106353
2641932
55824553
81542755
612327251
360570443
550184671
903352529
146145373
993767652
196064480
2577089
951269239
47394435
692985409
375187919
855521435
978900243
644726953
384274613
438329451
473205191
648692349
721895611
302116447
442625045
32951609
215393761
204540761
68819061
103406950
7029431
22910561
433537558
346607373
212266877
511672967
921245400
575110815
424519617
29846394
898292278
89553541
105748441
35506170
976091319
39517888
404463937
168427741
172398124
836794440
687323656
471853845
25606709
476688129
47425628
8062811
352798369
1998057
242708766
943114421
497033799
941147413
415012005
174097412
737596291
771448174
159857415
27021903
547702777
40997640
834425458
615255417
835720342
361631373
845789573
449615699
152483103
763650806
990566281
390870753
143169587
78434954
218913669
103677033
120219399
263759771
409910927
983909725
64439199
426339080
112149957
296218779
582333205
324287899
941404844
296655382
656020349
931291759
672272109
573884935
77420671
28771679
784907917
464883626
191446863
162184483
173279434
365604565
441411152
158431911
818009706
395440297
153215815
822627479
676746964
13132735
189942569
79468333
681206540
156288715
37474579
72227593
781550782
372457070
141901536
164585487
177981330
231164507
497700084
689229172
417575515
585096031
181712557
222762668
245081029
564040371
879375853
383298035
769279261
734646225
215436031
415227025
965527025
367728253
572445491
122429025
794353359
31478951
372079637
506025819
440342795
872889934
733834940
158533919
626519821
748233342
639720224
286344700
403570941
851850666
11259105
479109843
109704733
341829664
2835243
99078059
715694351
871972570
990775728
603061753
838076953
27682696
943452771
653108021
29406127
283604830
630757033
987476601
183969541
606602169
61488969
998025673
691551127
359196747
272083559
41989785
665723082
288505665
591408621
507534949
194367002
145223739
85652247
915020511
490615135
73542633
211121279
597151231
17819187
246583549
318572421
385970301
148856549
883687455
629744130
7575538
28925133
599445495
766777789
999910395
300403871
234801963
936931662
736306603
259511661
534445383
294695799
9633683
95258387
98425615
327239611
242941581
409269973
248709581
214009221
44292179
37970007
657577196
892443119
215388665
537142593
245508395
678776065
463772993
385703071
411953925
930413023
128775869
129522831
165642015
261490550
998205605
536124867
59042311
208690807
551403499
607624175
11335175
67407121
522566591
337717508
98671803
42566515
956680937
881291011
52215685
436479104
282890880
194731121
191739785
194157471
30346671
46915937
410890782
139217200
882084930
43789537
212284687
279291357
71703103
994263303
7615169
205046621
866919561
467951220
409358342
661168335
30658297
377878123
444034171
727115501
687996936
639845267
270280438
767555660
292993149
743405901
666597648
406850416
615442881
216526555
545473906
600863994
186059551
133731565
504443052
122111991
138385739
136598447
42171155
880564154
487265858
376935623
416193097
25679263
776759452
593203517
410280641
240500459
129417823
512423955
151389436
473422319
48315313
643651375
892902039
100720625
555988775
63347474
368090400
359102594
51388497
419080194
220905857
206213904
419718991
211271211
953125315
388655361
196713353
81684041
965137266
642166085
35333595
130931533
596806232
552333
66856267
260757909
938618399
709562128
14461111
992788959
475351733
529816120
175246777
598469833
770416087
104909345
178035237
227095323
72287758
235980726
807070543
423114413
759945219
478955101
756146736
11423607
222611044
458431307
314323863
580726706
680085007
718079513
35624047
331390971
584024122
21014083
807761959
218996651
662513149
335097294
799961721
823949447
659132318
315623991
20586247
277447314
159321085
298991099
410939651
400494235
30642781
95538515
41549833
336588777
67966053
116688709
413961206
31299029
651927787
817802338
950432467
127674247
266159282
675727789
141823033
123941519
156567451
661615040
799996292
363724811
173326981
879933541
684140763
356032426
369413297
82336635
848961191
270071114
559098406
924736701
521057294
558588258
372932870
598921821
190257414
428458062
653673609
374108782
144512193
587634763
116000687
222323405
34484389
602474313
89423367
331099815
37698028
656821710
313967079
178759311
108130439
464429791
95464747
134950321
131756881
318670781
348032590
318436308
674657943
90413253
33656371
897108668
685512611
40895461
42536857
52004499
912050914
278713160
421956509
449463941
625377607
34019893
122208861
238742291
760495241
227447711
182037617
248047607
411995500
256076469
331031917
885260978
970816672
469943565
479702955
564234187
133745366
67086465
144177287
463324375
748810513
176343057
217393190
162296495
857843579
847042303
100008463
584297473
194615219
927916901
993476616
261293273
946038388
799923766
562657069
857493226
775179599
848236565
33482725
180184425
542807979
114079445
4472957
110633924
918913425
572099247
965425577
11325177
200171365
483595365
55358427
355321215
277298329
958342715
629246541
795395363
921274429
817768382
548977930
186058639
66837231
762506661
644054147
14486681
94274693
394090955
269375175
143470852
514803857
20420037
364403467
323646943
74798029
879095129
868357283
187368339
106263353
746829255
724326984
50683269
58085379
552302039
547240058
867288643
3846465
69517859
323895513
973193804
847673707
137971455
742357555
19626478
641227505
918781893
852451258
886332016
961995328
663737286
974113951
81791987
9675139
22173814
892559551
882702128
422031681
99098177
921528305
94286883
839739109
751072882
824717428
15325803
378803879
934804627
211321035
198078482
532905139
10263293
630073586
972739792
29075767
963589628
694047302
539515998
112560535
356206287
767112284
364134888
339434173
521888441
653876481
289453567
492480592
964265539
68777201
300071219
652843943
452344216
326136967
822792447
736873179
627630016
900574581
801822993
315901879
735057813
140782463
843023052
341065545
546618825
8672577
652650238
832732383
953863832
438196121
841620367
951253969
336391530
91351561
691385238
52298700
442833692
12661565
142256255
54585735
957833793
398732431
943145297
601904738
691748959
631953717
892046626
309533563
154515923
271351188
432866700
928693538
562070896
940816656
686635339
165899582
894037197
30740429
6898621
899322235
354619314
11561053
55594535
484325811
732609299
505218459
43417165
235555703
833809503
582192629
591935227
556897290
973293825
38580405
889878579
159117547
153731321
36986777
692065633
713240778
563026533
303488115
738687
431778857
798790931
550197149
249425560
778681201
419646229
367503043
268187999
510342673
395126669
823114484
585992896
556930790
21614039
42679723
1508419
289117213
129692165
1399697
351301895
797625501
733813930
990008943
817337941
564701119
447265735
186654805
735459553
228737919
189834871
669024041
656669189
338494971
461643657
275093205
420306985
395817795
316987959
226956779
4056693
489127040
643520913
669995752
345802898
154541609
590978808
576087207
959578763
515206113
742845624
80574159
649863911
762261857
580699051
971458297
157702033
293595355
190024727
338577301
46522304
211528100
909353831
2715747
538453291
739412361
56341641
911067083
58467954
958369605
359321778
409583501
330169399
165828123
457816911
402627333
726273796
779739762
848662089
543453947
458763073
786975121
967579920
21686293
846856580
221079617
98224193
762124838
829108613
74550803
170452196
633909221
147000240
940519641
69223929
423312227
38995259
219511934
146406295
195417885
934571521
377365147
728107651
811061747
87577843
850170499
4370687
884669019
794928325
449036097
39050397
578264716
135109157
236210685
490298139
713139927
248509657
725077007
53892787
526287615
189314275
116969449
593103513
70305008
403262180
633504184
555025705
384241941
77406307
280888394
817512121
793564826
142303303
351168909
549619941
369714361
789849787
590104582
829172979
704442564
81978055
277158505
225630269
54612301
94194383
574779503
65285775
804681634
34662121
250192222
102152935
436468089
952978403
564397649
14662877
97557237
992899791
551048194
648319507
590812387
322529017
928492725
722257637
687248166
376660215
825556913
753826324
212168347
231114981
886560264
153919393
243600491
98149283
448786195
421103141
792436717
941977344
659580995
887584243
397895340
247065302
439544488
920058888
2033903
77297043
793719641
124291183
343805842
386003986
214994649
559891539
699033259
423871710
38312077
20697115
675866397
565555466
27853471
375727130
628574512
235197265
284406275
125385397
37392055
983623193
192708496
20057383
615144542
366392009
695126243
108447583
263750983
32328355
249995459
791482227
377267555
174455335
671414616
728883642
533292304
14128047
154126821
927894591
910782187
72921994
300044739
289407017
154939729
310482021
44564390
75891569
15733749
357402699
684243351
419281740
318347903
227953872
636249940
266134609
486383299
939227104
410822405
451863944
763222517
768508321
992147039
320232083
119496179
254369881
242470461
11366205
77823725
28200387
690762191
55801515
274014791
502733185
172145673
286461698
901695625
760161289
106214343
472560089
284261557
71247979
287904851
745159026
223068369
281013254
706039229
468234117
346388268
177394785
836833896
688239048
268396285
408654475
473956758
184473771
229613045
220188877
627148834
23567837
140679879
16699953
351426135
254953067
684049430
452965377
362555601
645084815
161798169
565689705
599043227
144180
1633651
364324155
485690698
130331419
946536099
280813117
482889037
15949547
5084146
353937508
335511654
134491651
954362748
54952411
795093328
263962939
734452741
477353192
177935795
276845848
472292965
301033181
17535996
107851335
44487469
224047205
388313535
61613207
346352809
200330863
686977590
158112597
646901232
152090497
550953663
253887237
472761959
369997273
832581212
200258616
966456553
347424611
399769209
667759365
725423969
22564543
493153263
53079115
751634799
592405018
8837527
444467939
425236285
394854975
211954080
73144249
141223824
772116423
164668667
223190415
459640188
584710197
770346853
793754192
106130545
55819957
481978293
68937916
11552647
406857215
409059451
38008223
430078943
84275793
682049977
90374995
20670595
362162275
123203689
766812907
126080167
326476171
878202400
372223386
227881543
236688273
70678756
355838604
404513864
335492639
167494234
220596785
941937551
832944875
190234791
245709907
5321245
90620637
192752083
26632267
334484759
171148425
169488859
709700341
127130945
196954959
40507873
2168053
356288537
72814501
205416019
235961169
340158767
588622565
405462384
455211829
45807650
396046970
316313595
62277261
35536311
167325434
504370864
628686027
21710096
854260086
82497714
652326404
216646416
130789821
86222831
508502879
538386250
579666327
148387553
783690651
549160802
86701365
784282738
790707
962464341
567611221
603113689
975818949
260033739
163729935
456241221
394701081
189462973
22511542
1330201
276814809
700597632
199946937
889526921
788829521
715802550
73958639
877616688
936535814
46222441
873199941
214861661
269335321
155275109
344564490
681602996
663124067
189312497
826185054
147552027
598424021
17174775
248644891
36236409
288346033
835774204
246902207
50116727
775972631
179812223
8358813
243449811
136039667
994972695
183559033
213940142
438098787
873508979
277085039
32259649
353688367
477727041
251475248
982291066
690351077
243675919
19902867
882576703
392149433
828266199
112418211
199762063
933545510
775634849
820548366
716089579
329983045
221932895
173676164
728778587
51173801
888296434
271333131
752761112
975545000
322990862
106026989
268748685
427275207
280037289
172030365
526660735
128813151
324941451
275961335
774908731
403099374
536810427
452987897
784911543
775638698
5786919
596512014
428603389
765011871
15739263
91097063
572870537
589803299
562560425
298438159
620798823
865636943
651939043
225752051
462173295
235369353
177501307
675251777
133441115
227102597
923538886
131195235
527477805
761772765
832415946
387373907
422881479
329335593
541066968
156123270
365034972
47536174
525741761
83723136
149556739
604646242
604677427
43460053
383054673
236691281
980150689
45911989
110864318
670277838
329037007
77862283
193803028
352803845
217409959
679537829
98063473
7170501
522167029
718736457
952266157
39037301
869492706
818149489
674384463
287372247
869037234
499271845
194819519
858885207
368928373
174235491
136958235
862545961
533886687
104044467
195735495
187038811
709676105
175208331
382533611
30185981
86452377
166262675
919093362
101588011
686568194
182273271
510287219
21302831
962592820
54747327
799097062
419907933
520375782
759012879
61960588
162342954
896500745
652311726
302056197
619239758
116449799
1772455
968621877
570223243
754480773
410205023
672883093
694491413
280132049
983650239
885851843
227012291
725565517
933153553
356497065
427908935
492482077
150352161
188287889
242859364
69986905
491671423
466226829
387319149
130008095
143860087
254330419
354505729
461907555
633225291
967870469
207684927
19569845
291615622
537388824
334774121
186825612
26063479
569260595
58393535
340912383
243459293
530840400
557952196
792865805
865574279
1501497
603433680
915225599
821426123
29507315
243578383
716712410
822406715
725018420
814305570
785939432
480424047
205521493
962051539
112636509
772795795
640312042
610918759
951279693
792321489
445499925
832628691
68086337
999858983
805732223
474072133
104290595
367489151
263690431
868621029
138616457
476383643
53866661
998389465
960876305
997136000
114920661
808233891
216448619
793856268
987197536
512521917
183408531
20919099
539672160
630556454
355067419
65175509
2081351
197238216
905882992
553925368
754849139
847746924
948173651
157994270
693732347
393211915
51433431
524299261
360405003
652012553
819791421
647516851
102486973
449220082
804298689
770166478
191053305
147975277
181617317
5960045
586520050
810231588
425532800
66900692
368788277
949869622
861493897
994480595
632639412
352413436
517236863
318834519
411904232
370300413
181482985
150416169
491988465
850240442
919558542
197196063
365135625
906902772
849616589
13743269
251372641
31290767
921982054
108583029
870879486
141546125
176930723
651560269
525272089
7427659
974282539
444640945
320740040
620217111
84026741
928364217
934007957
974243495
881966921
70988173
634451699
873438053
99771148
120645424
513643461
14876009
177066053
190613579
475587437
20906459
465456593
940678691
15944845
766159285
230180851
315288336
11882437
214430557
94622955
165730573
435708307
763142457
14513691
29735032
883979419
248736109
442077405
82540477
575195446
231854163
199284885
599032788
829719903
870274119
822409839
938485327
208348091
229570434
529999468
18068075
638044540
183972533
810322059
279700731
617277034
161430129
908279151
474440129
703912241
960303115
311798947
13078289
380149333
352961827
887591621
881226207
322544421
378073277
776600450
449520389
9099429
31334289
306163459
315573963
47111683
577594187
695666803
718160936
856421274
136755829
411957448
788133810
698907105
32011245
423599729
876558411
91890531
7059969
676551709
557047058
991212477
639791865
727637536
445816797
550724151
899160067
45405033
781617792
609786094
228020156
214780008
315317381
354282481
852873245
193808643
296040523
410799255
812578479
10892245
843304903
220130811
34557611
237203543
986735913
690766496
231740021
522091360
613929459
580133049
164588358
325700527
342672830
140878553
293393879
275321411
822005201
147868793
553058369
96006035
716251629
836994003
924979759
806872606
632804099
3241353
715264602
372792747
528363005
892443651
62419851
748523613
385658281
104561211
249753092
892043565
50470027
130651969
713822399
185939707
28845115
287039585
735426031
272666003
274439911
790780908
965096600
268502089
180951923
192702335
856314302
77071753
11674887
965835709
265317742
5213485
859780562
384718207
72092255
996867317
849996915
7777581
544005616
67321761
430623007
171204419
519818557
304306825
440954993
497772079
73167014
932969725
248318283
671917328
228349069
581103632
607774438
434077927
562391901
244095106
175078786
125270103
317776983
521191601
463944602
642291286
366851733
816916134
359431282
110439213
651139458
109726800
790498861
561556511
307583329
946301778
224170367
340317963
139011633
235971359
279553642
215653627
857891547
41063892
471640725
409543701
272973445
2400643
196656027
685184429
437891481
392305281
384856543
216191197
211422565
430032875
585289944
337428712
466083462
99562697
27236297
211519073
260300067
820231908
716923605
340787795
22265493
494822353
679383485
229578907
97345293
11667269
929082064
178995607
98602299
824247813
717058819
928400984
133248961
41888591
49419577
702760835
994080147
261754295
795705288
249225293
150785878
44596124
79184541
486573361
424635082
395141287
755136855
136078875
297385811
722419999
638689874
491803757
62119287
283371789
792362946
440863647
615587623
186865779
485560123
110866489
346487502
192257855
232471951
797897498
869084880
225780667
894134434
598328125
612972702
999021933
9706737
401974755
118294115
536486802
73643883
421068075
215610429
161977437
974593799
329434837
7997103
57301377
744609364
20611561
122504151
109230959
298876614
761947166
73977459
500872887
510839221
89157075
593545229
208187895
193364435
386518989
412201859
729901
474247659
47583667
171382935
813722583
80644769
890310496
867994137
892341100
192676695
186456409
527339764
478348097
130978581
250521623
938595563
204029413
850452847
694252357
348350316
728195194
246538213
227850242
499519173
186711557
603408582
283825007
147297837
5632255
454308657
861170490
179054183
313734053
285071261
248492447
794332546
474816269
182073183
342194157
562993019
768304878
602818415
32338915
160731451
307116201
72567967
465479303
479645747
184647601
48411619
911705773
672432565
122949855
5876172
921572965
145767437
960502881
20797907
853021936
622076060
84339181
162233296
54686839
20109209
154733229
836123384
254741649
24667979
367599335
617055073
392191459
439627248
96877217
858794892
228492420
644554728
883531372
342202548
661919940
12001669
502472351
479589953
424082887
386962467
340609513
278576872
45117957
827461190
401759261
287842227
879753354
444553959
214454186
625108789
638449907
707473531
821796469
392532120
258719
439337833
903104506
208484189
670932685
462648588
935234886
216873743
903198679
322074555
216505405
32773479
189033767
926216269
32710977
42724073
244608079
274333324
971447487
846826849
515255171
545488208
335298068
527397906
291251801
401369144
926399505
669350707
786888658
977438938
59237323
142884003
775791679
827708604
483874881
4736167
387813587
657936299
33048889
705902163
370410241
856360291
155759365
69865887
761816673
213397691
867456821
743833401
266603611
10136295
217425689
741084373
111396541
290226113
161786391
329991435
175917249
224563791
64413559
135822475
154290093
304472237
65585197
615141767
115804563
279775999
766060101
913334674
595615344
31868423
195583727
652201863
213326307
955652934
128121457
452967400
636292325
467333557
953370095
43306503
33836783
442324057
870497868
200025523
138607067
578824613
112782735
226815253
689840475
154954794
942020469
987297276
683676149
111567737
612150097
441931607
363345576
110689109
293482141
992310852
57816643
467336327
920699528
6123843
449531805
547185275
871908805
913546411
269754864
535563452
607894101
607920765
284990389
688040623
839611927
53644089
355011121
333675719
105052642
939200549
847109491
103852379
515588402
486640523
241575857
255565741
42511540
62769929
587453661
455605372
233512800
356948780
768885243
13691919
483954924
697214517
70292107
51167337
718420134
647147767
446851277
188316657
8796261
179479551
97308219
118025353
653444483
732531123
993391
478957987
424633125
38835847
3276969
875158957
457883721
614393559
804395818
28655721
334585023
121611757
691205799
483394993
113992501
293611221
859145371
47729280
374782922
666251243
941577926
895792307
28488133
444508419
108142338
194000244
926489635
595542021
62103727
985847635
429644777
54861825
913698083
936012100
139662155
23188505
71251936
245120386
166891813
936699699
451362457
653437497
589913549
4634069
41653545
796274929
25891311
207403765
357665259
320185451
356577957
904516667
320915454
365081933
257626893
292455659
211529089
346031181
902844148
905343820
81411753
209485118
260385069
573300213
338991096
449216403
930977448
36852955
421399775
628448313
472447864
178924306
867743129
284487796
209513687
213542096
648406993
844733599
223306379
178849085
863632859
43623559
992629063
709948213
974187309
38045905
661852068
44073493
456577722
542930685
806227285
264963419
289266928
665989407
264603802
14222852
474373955
323825267
12784741
867129968
41316303
702063842
560104655
380435733
463581201
14017469
773549784
278002147
31733089
461536077
524424902
896489091
677391473
923736815
562194838
337557953
345439573
247966573
342142767
962902561
952648280
14420339
834025345
513284647
268599739
970839628
39915808
914521817
461960655
322894389
58689839
6378901
872132205
244174873
149797653
402022722
71638397
576295085
884300238
164863783
362880607
29113809
777845329
672735175
272642180
558041997
704686797
710042598
19317945
493332272
802273974
775251685
897859009
410040242
438533676
369590335
298950805
151517962
85179263
586345063
981301483
601594081
894785760
59658945
146510296
772420525
995690543
596809218
284748755
275660137
186592765
412401705
39502074
335332807
894001395
7519181
3449283
114945403
591072336
743867549
725828938
98522807
1933751
825885943
268654591
607099446
777247251
351730598
713463537
211183923
74749307
209679121
609879568
419611071
842288937
220480321
172535560
484447392
46894919
248807645
426653805
676616136
78141951
762450969
704176882
609203906
160023139
410407230
658443299
47931093
390576253
664668039
853282030
192290203
920657287
333140929
795190643
828967474
73086497
935781528
531821394
65595805
557502645
172875614
18317
79418041
672199011
786664344
85983411
488959853
382886363
727467319
54783739
134429565
577916331
906599913
998044682
176117653
36930617
39083747
734543547
515211969
175015947
56520943
497538127
475099418
835660495
238509451
17277771
695571064
630221782
178567481
704210320
190282771
937010459
432973803
298320210
2785431
377913953
469459329
753233691
49788038
454440373
50098191
504445331
62842447
19634064
509104531
71952286
270009988
469998228
957699278
256774369
974406238
32999699
262295095
162760283
66268492
963217379
684039755
927039263
824554783
842350079
132706257
858976988
596628396
42966499
778536609
675294884
909372248
602517053
562252022
169548563
379795615
108659095
222499381
546042847
568951584
119051837
427627089
880186095
875344774
438602561
607176537
249946711
253339306
59366084
23390406
426549593
120322062
305726573
501056408
818232538
454547534
71090973
968179840
959138889
584580732
397609487
988703389
492648617
57956091
438815561
53629357
300447218
147987961
360192224
219551324
455451569
573276894
173693135
684333387
902045751
307531677
31410491
28887685
636175821
501570680
980969717
960063252
377435761
366587457
873454659
807636938
84719499
453261581
256641122
913614873
402848693
379673307
762901488
850436516
73406473
900388635
196718684
52240037
433881729
698550770
972820065
844389256
391772999
176242707
247835015
364652137
824067401
346016837
793321163
484904633
44491979
149863019
290175687
340568537
32241778
747527139
349466833
32827365
389597873
100747155
937213294
17719187
511089744
254806071
219871159
982711602
191173457
3925761
746026501
912967625
364058956
369961900
441018209
196832165
988253669
708703141
510863011
14438869
24880633
249914673
759516578
265744573
723735422
988849513
106835851
68418185
617407653
307389419
5998368
615393401
996729164
639000140
496123597
485999187
11858102
998802065
945752579
417063069
900335037
362942175
816285460
617835509
240266599
118138509
287042455
241996719
8401269
205223847
252776618
574383386
152174263
942708798
742945172
210837813
572884412
469150888
752225303
411837397
33725777
440752629
160285795
433954329
950019731
35458345
383746001
964338679
11935259
90137873
7595146
994007537
394018783
49644397
1702643
462198559
218384347
133331219
341704436
18090944
340925983
80115013
324030841
220148047
126391445
10696909
314704351
258125817
7492226
521723331
1638107
905782423
778086501
212086293
674677673
327469349
198608129
108295205
187955019
64666381
5955061
56185275
821000611
700430861
526689445
368016697
368272281
347184681
195898773
969713011
100392607
348765421
669602507
906562305
475359949
119727117
364415199
173445377
586689630
427660139
684614854
380466481
635523987
67633271
236705351
327674911
649680727
735648786
271376465
126696431
281704743
364817300
484821891
545879569
20058711
134376853
292469256
315388408
264744314
526880330
261799611
877991275
202299029
160048437
846437863
207913249
889983515
112047001
930634475
130492237
660543902
974060851
823799887
234546943
58553949
23412755
311642149
264341123
295699801
726539027
570267877
972918705
421693331
126988646
666861207
654860321
565661537
428442339
573258144
731889350
870041544
164691778
276459124
742681340
703088681
782167357
600355155
931208261
750585211
26837118
583090045
22203707
714173175
632609831
113113903
923630419
445653793
696407456
529706435
92661293
559404215
423380121
105168086
91412867
493203853
571458305
54936115
484947310
53433855
87901923
683656914
171873147
725869317
997635745
494147044
129954143
807038963
459068337
243284627
112238603
849185003
771883616
307656427
326067251
91578815
63605145
930882155
329537809
44654366
424684635
711731756
365178905
240563299
889939361
673098245
200047679
609157221
219285247
447086805
462260521
513238200
171441311
54633438
45791993
910060148
171254003
175456839
731027233
737104928
910342809
202950239
173120211
172418154
451945657
551145411
22668635
64051520
117882920
563861991
111783372
664375708
10137323
273189051
623427335
331981417
900247649
43231295
818527997
24562385
178424113
997654911
256180954
399962547
254700469
64911785
654059443
302308371
883495378
459968290
160705610
979484489
82237654
21148219
101635125
357431857
111149061
740181734
383322237
131982139
355766576
705967682
910763922
318208673
472091683
744332473
540851693
270560378
44471655
894087529
423809951
808357209
419814431
743843278
261583638
339170684
670735556
52903125
235214157
641968397
287349573
293419691
863271002
117673787
492326058
940473197
828361812
743347645
866419627
895230879
78146449
766301535
972044041
222088852
116562756
990810211
41571659
839929862
929545649
875932340
584244913
118579363
758690073
89868498
815142630
878257541
238506224
486077104
266824005
27582605
455566651
183323
692355652
980540066
748000003
495756661
771911770
930781329
124355371
243017271
873042401
832136635
324649009
22560297
27023015
902231396
3823551
221799513
818927514
298958281
220401341
615475381
241868864
510496307
750286355
479103751
316690439
311750278
188837055
290083379
16421202
967330319
949283551
160369801
58737733
333965088
991628876
882175246
240462999
844951865
89564775
25626945
97750393
311149785
128110059
23515077
91626497
204274555
56606508
287809739
453533577
162886724
387666971
439546915
266138203
42853534
805208609
996471733
895129495
450239123
159442307
538778471
550677257
118160765
283266802
907177283
619002565
960587085
125303053
178405723
36767701
520992195
751509456
447746996
697316414
735139059
294406611
174675733
693739991
188477421
225922973
455965791
101601788
659265387
332725577
893753093
33883840
729431921
148702999
174408687
539505226
48886317
79340997
501250702
332352589
398351655
136598019
682885090
482626004
268421049
728012036
304440636
51818981
446955563
38269355
490655254
445337274
248074609
100304775
890989991
122018395
278659807
196497957
38801621
562508989
280648382
43536281
30418395
802608301
935304064
328388713
3626704
237173437
577810181
400526887
248315159
208291611
723767707
275544731
415942069
90457712
443442
244573579
579113924
631452733
989589177
86169473
40298131
159921411
925232828
91086133
128648955
896763559
164798506
75076523
41078903
316784103
368493347
144977029
513494415
549799987
102379083
417865833
58498823
696524569
496452856
375534103
202287255
439069715
959102126
274369682
706613041
619111514
442954257
29825977
160244493
958586437
73928151
73220003
2998591
909803895
110179275
436887779
806548710
744738492
88157917
221028047
42153855
574343052
872588925
789522675
486000190
73308157
574153130
701227473
412778803
153703809
825182568
940320345
529074404
120093674
36603849
296896103
862008061
173803791
366312745
926286909
633515157
907439839
292257765
112250621
186957277
503350145
218227997
586611839
377272061
243827448
138511827
849633151
333457159
339384491
104779724
691141963
531491389
31545383
24906807
139027014
255589786
211519244
365630845
833730715
332499533
606607983
346881742
162425673
953065545
92587293
493000819
632486829
843317601
101112708
736843970
82322441
861962885
26251800
600970154
353439911
114372509
312415323
512410998
820034367
73326403
222118893
60308833
83597243
336303057
800631390
945690351
634839683
948415843
703276213
961157445
884159246
74425141
946374419
877165916
43358581
100020609
906308191
729127753
314660819
355441074
675544419
853414189
155580267
78904393
248276409
519072609
628124745
478049607
578986053
21820469
91956969
440353731
341422179
36715633
597593547
47295886
147663851
742787518
235382236
689158471
926943639
156709845
794892190
994000963
629198223
255965515
68273223
206175255
165217329
361008797
566639591
88031165
632790614
169015249
131620863
55917936
26101369
319688233
861087977
57771295
189353143
184224405
705064405
809956392
698314358
100394502
445790574
534666011
943176809
819171185
767410098
18724443
165064068
472810685
612798280
91956955
863001516
279021365
456925691
99015123
746038749
786809931
296550903
446185689
4150735
57861849
529919952
131296506
112805889
243763179
674331851
998071589
541430171
232559857
862972427
480231561
332610807
229505371
727908252
757758796
393140677
330185384
35915225
238259101
580711435
228837463
314846777
139217065
355306871
138960434
570044010
119285870
127858992
404903811
32652821
109987848
651929448
865857114
177003454
307456917
283735705
945613425
489309033
121213809
112999243
128158549
508783337
10831193
318895832
127466023
276954709
521135582
144830449
966582483
324823447
235356045
28421111
420978943
32767277
873706528
945301619
537389337
22145921
383262754
771626162
176862597
117016850
930885829
232350049
73340869
20409929
411095920
674630873
17834877
185701328
85229523
284453391
56104867
861055527
430673008
191697881
706210721
610152011
306152087
891665197
682997299
307726240
682906301
276477975
702712183
478195783
467223559
805604681
662758714
534479210
35127535
850354656
7125945
52303341
796411809
393095303
995586269
776886427
904556924
335617330
62970550
668897431
29604869
360901104
365251757
380459357
396702913
41945325
90279391
367795551
342049873
947359610
443035085
237011965
15426795
480908816
428104087
999461593
296412343
10096731
48558119
707392759
745980575
684258792
293659435
523137680
122356419
98409970
282012163
502742509
451648109
622477641
97668099
135227791
292222209
453498941
920586703
94501291
445364070
401470977
985859425
14784957
93828879
233242999
312934145
214927805
499214315
720233922
998135991
177448815
203369611
812266289
38616969
847954788
186653943
477060667
177513537
94180495
192104035
621550679
175557195
236371993
954194267
959050251
720367137
823887311
37876357
722056151
241812883
68663245
479299411
696135553
374841541
55273363
266497135
3784027
152386041
89143485
114245789
970432059
738395477
473769524
477999815
900001733
993545123
152172655
905904151
178970403
168960297
129077347
181893859
392482849
489207487
763934982
356571594
934227381
321012345
435164547
985570002
628459184
210854727
765288410
289376755
611565999
318910895
144875961
77470133
21391147
748362272
310699243
22254666
866989188
117815055
360025063
153364747
42101514
876771459
456318501
503180103
789325645
460086175
205854751
278565935
226483227
619958761
469141155
755445251
716113893
307863167
104628591
138724537
838845595
297427678
340160631
4601145
35138539
569005154
286117453
458966317
183005713
735025233
248801829
193196804
984211741
1234868
939673515
778256924
949808517
12287401
52753745
192169691
171626550
965167408
243733353
216279813
569166701
610706387
161113339
654672376
185057428
339428680
328823049
961632669
687873747
177999839
311719825
434964447
314117277
537583450
777297903
92117897
735504579
565271314
348628317
417301549
519376191
818355052
65582237
753260395
888209525
477040201
798801544
715143040
101724159
9129751
234459493
90683714
20287900
715582756
90418449
17591419
82181209
845292152
507990724
935708173
921706283
939843001
30721731
268413863
121511995
521927287
241696165
233331805
886039023
630938044
841395415
41960497
540633511
35893069
33238001
95788862
236725560
208506811
221882701
439293607
764928228
765625188
63174395
160585267
169161617
318863809
401844922
928539147
755258794
443571379
434770823
807260153
181014665
170725817
964425386
311683497
442684023
144893932
757752055
602951600
396734941
454966374
567972956
821671952
55269727
563237474
767063687
642479946
432038907
66584581
363250225
56640243
63553
565661402
8744843
13587475
519311537
520626925
938740789
743961979
244975315
707539707
89882674
631511694
44359869
829945581
222606124
362317930
179407705
596063163
587864886
247731599
886476422
260148989
896086140
470709388
1866534
15212837
653815052
49157281
811761455
419465410
30666643
83531456
531543694
77442764
421364859
294541412
805329595
561237797
692645788
707846107
827742585
21064195
64455921
433018981
5847311
151916507
973412772
262247480
545826942
438527961
738122435
892641813
147614873
290228608
751839438
709330386
149870212
289430835
505088281
697956422
154507480
376472930
46621857
276536125
982520136
470808933
384839783
84186301
290335467
107806035
25245849
450207329
207385315
710896569
910679007
50777866
299190101
937848509
41836375
947687049
979351883
264064699
843731974
986729157
186071233
948466793
658229215
20192383
915449
734573343
221040227
755765705
774653976
272132571
550576537
338140313
334089349
369284084
231283405
92502381
468668181
11090281
217199803
879081743
694910287
299291398
366829699
978668080
479309673
585938827
274914125
175358801
144137861
589985475
365946678
164918405
516456129
641857841
415873934
283988297
6199707
578771647
116367903
987415596
545037799
155027433
258056051
184377893
313440909
414148204
233744548
453860222
861518552
726909907
77140381
854149110
460945418
121013203
110018227
840932547
53823499
923743936
564155227
11029227
833533160
537263845
294977497
56667665
255491363
79238889
884814796
631030147
712866285
969815833
4797957
838198387
654437958
431736935
639477101
816500138
532103535
13960887
389172295
402326113
273602332
793095188
926236621
283587497
76565628
852591745
886744741
228218533
221113897
837598459
216413198
24827733
954378895
184895717
887926283
353107801
32561433
49025309
121970051
428787175
922877423
627663836
901803703
271361101
499959673
384018958
605682970
119112622
508091577
337549950
34178891
180717913
671411856
297187215
50228299
752990850
127033659
37450621
734716807
225700883
70290977
406799459
426356263
19242347
154271489
281552177
625714556
228135615
832620779
637601625
883759522
288826491
344004866
622907455
565563399
427213665
314033015
59313203
12954801
114147184
133544519
474316158
818542860
795892080
756413151
169289911
137634218
628088535
238550048
149442739
504476630
48030099
312748078
852753593
527829739
458101495
59729115
513273903
880275611
811431827
622490953
703407183
454313233
667704753
939907634
94116122
201907440
294096571
704269985
583365911
244891774
551239271
3073427
14117142
330985157
509645242
77820603
866229843
328524163
205651083
355659011
503859371
773924848
268129195
480665137
664429360
618413075
398597021
358123385
113481751
76749483
939997736
349893323
411393079
13485861
59381001
11465102
870126865
661662308
917366961
644222731
276373413
388636193
844600150
69179247
23270160
63688173
240543141
940865093
851916561
155438323
843278827
637730070
469744891
229669217
184401221
496958818
565498624
237224027
728887062
385448362
263249869
477694261
972878513
108607689
48209387
991405825
370613988
61758323
380171116
212183641
39023855
700770489
417327471
700810874
390111437
530520764
376582487
844507613
287617797
208866479
400527955
654833367
110521937
455363799
182826044
225078763
330998487
47785267
317735059
437637815
370005795
201782389
772467811
405473631
38630836
526697043
545198363
597817877
131812003
268025671
143470611
393752185
12967667
138219224
611674129
44555523
498834679
68954627
395942663
228353295
30913719
560749366
225297927
199737133
266821438
111696987
326741361
1907619
414695415
195131875
649340478
370424177
618877253
153243087
329802182
491195809
269892476
176541467
550509877
996039489
593291395
725943293
680169855
288014716
961760745
526239
461876943
106112344
48274473
22473909
191318965
263988666
913615394
371694175
740278496
351929073
881901130
469282344
147497513
906715642
2460973
316723081
835587063
43637401
818333109
665389340
211763317
155619693
6755091
486324087
374042761
116087998
689658611
338996835
672525727
192692033
