1000 363
0 891 423188
0 753 762898
891 35 676355
891 388 702661
891 309 34020
753 351 300966
753 48 330196
35 157 328153
309 843 825559
351 475 5657
48 840 563556
48 171 550616
48 359 79268
157 336 202941
475 186 309480
475 811 605162
475 161 161465
171 448 369148
359 442 30602
811 323 915119
161 993 792349
448 725 233913
448 163 231159
448 553 461549
442 780 651499
323 59 506441
993 944 400178
163 694 631837
553 262 114230
780 305 736258
780 214 805987
944 777 775311
944 469 662640
944 964 743617
694 346 121315
262 702 257111
214 669 84427
214 722 878044
214 627 66295
777 433 68395
469 582 13257
469 656 264614
469 243 485455
964 56 692877
964 304 10369
964 80 41958
346 28 669459
702 649 380823
722 436 427107
627 399 705621
627 661 700753
627 623 192922
582 686 209816
656 784 175961
243 368 908328
80 169 813722
28 379 930809
649 690 58786
623 841 765096
623 317 260972
784 111 759772
368 576 48363
169 235 361956
379 53 551397
379 307 43977
690 205 932441
841 141 607276
317 136 469261
576 15 396086
576 689 88360
235 396 24074
53 949 379601
307 492 478822
307 24 643718
205 151 327943
205 112 374667
205 648 897526
141 692 881130
141 807 881250
136 460 549534
136 894 387553
15 516 745
689 17 471671
396 349 810479
396 215 599408
396 197 903278
396 816 798802
949 424 739330
24 671 48717
24 953 177656
112 201 319809
648 128 392071
648 535 97212
692 220 302663
807 174 187239
460 280 626737
460 793 416474
894 238 301264
894 764 100024
516 177 472243
17 75 82681
17 595 415667
17 876 164364
349 93 562767
215 518 933178
197 189 385525
197 335 917108
424 923 28097
424 372 114839
953 785 284968
201 856 194170
128 70 725935
535 126 530281
535 30 272373
535 74 674166
220 345 226460
220 566 918228
220 364 315962
174 916 183719
174 600 8979
793 340 644384
238 260 369056
764 645 787720
764 294 481343
595 386 342598
518 633 137216
335 208 221574
372 933 142334
126 219 557464
30 94 266953
30 182 755539
30 754 865393
74 730 820303
345 38 480230
566 247 474293
364 541 77942
600 670 401735
340 25 331058
340 589 86369
645 636 871636
294 64 808523
633 752 479737
208 527 355523
933 736 541999
933 272 527855
754 597 553723
730 439 819751
247 387 360870
541 774 406111
670 375 186571
670 865 629192
670 750 484348
589 67 967308
589 915 335669
636 480 370695
64 210 231218
64 557 401603
64 449 411448
527 773 230948
272 642 63629
597 263 775199
597 668 209284
439 404 940109
774 32 833397
774 485 835971
750 313 783021
750 995 368038
67 101 569561
67 562 861945
67 676 256702
915 493 337640
915 108 376112
915 992 932661
480 610 87844
480 11 279870
480 162 568908
557 635 72306
557 83 849157
449 196 452939
642 951 258146
263 114 66034
404 708 698460
485 888 309692
485 237 876720
313 528 146912
995 667 205916
562 441 72140
676 746 103440
108 384 424018
108 154 121482
610 726 773925
11 709 70730
162 975 498167
83 585 630933
83 328 173283
196 298 495071
951 97 752628
951 277 197432
114 344 565718
708 252 957684
708 832 131200
708 707 674098
888 331 178450
237 554 220708
237 833 304311
528 54 946451
667 972 623093
441 504 503004
746 680 639710
384 941 674960
384 605 630830
154 738 229814
726 465 316166
726 660 526246
709 961 156632
975 435 431623
975 253 415325
975 413 133827
328 826 593121
298 678 259770
298 410 901923
277 176 589132
277 482 455848
707 823 409974
331 853 250585
331 802 504664
833 229 782070
504 139 632736
680 16 536080
941 845 129020
605 233 599524
605 147 106302
738 862 636343
660 625 943400
435 416 539977
435 276 534795
253 509 502251
253 909 441714
413 882 534524
413 200 926706
826 467 426460
678 43 685102
410 906 823001
823 474 389291
823 954 350256
802 471 559926
802 515 910980
802 657 163809
802 620 719293
802 95 185304
229 987 849976
16 223 532735
16 819 212826
233 629 359808
233 731 838253
147 942 963871
862 990 350527
416 491 86668
276 612 417542
882 254 79687
200 389 866716
200 732 31352
200 369 192262
467 209 840835
906 550 18257
906 41 901715
906 938 565521
474 300 296794
657 264 276762
620 224 149935
620 867 14603
95 226 475822
95 407 724843
819 638 560545
819 757 817565
819 947 461551
819 963 536758
819 130 673028
629 118 460666
990 429 375633
612 426 34769
254 450 241430
732 457 303843
369 940 293746
550 132 247135
550 733 266866
41 851 157969
938 760 563936
938 874 175692
938 835 928103
264 761 298235
867 419 45884
226 799 183474
407 789 140519
963 88 278160
130 249 51703
130 886 182198
118 29 787446
429 697 344356
457 385 586923
940 870 921728
733 574 504260
851 877 260352
851 329 572295
874 508 759032
835 367 116178
835 561 910241
835 755 546426
419 704 341386
799 650 58653
789 273 225281
789 173 675279
88 360 174840
88 165 665197
886 374 391890
385 786 183119
870 255 633155
574 303 426623
574 380 527771
574 526 432171
877 536 843231
329 23 691865
329 382 961241
755 145 802955
755 194 638470
755 791 398112
755 901 4344
755 152 688150
755 724 802544
704 110 469952
650 314 335936
273 452 61020
173 959 981781
360 720 409706
360 499 328810
165 120 935120
374 299 430238
374 778 783748
374 983 910615
374 991 222696
786 250 730453
303 365 863003
536 377 471550
536 431 22864
536 798 553803
382 348 982089
382 596 678666
791 496 773668
901 353 850088
901 77 452316
152 204 76730
152 98 191778
724 20 336430
724 795 173758
724 414 989543
499 76 123340
499 529 670398
120 342 904599
299 150 589685
778 221 875160
778 437 765370
983 179 7922
991 926 265078
365 191 285845
431 308 378056
431 614 838822
596 881 165799
496 62 43991
353 85 294656
77 337 888628
77 497 271361
98 718 815317
414 524 234432
76 180 787735
76 285 6759
76 637 47438
76 825 132292
529 417 595447
529 950 417610
342 230 867726
342 269 920653
437 584 218883
437 919 866086
926 19 779436
926 190 666807
926 848 504974
881 540 267355
718 946 950724
524 456 600218
825 406 368392
825 615 8511
417 829 663413
950 411 43280
230 937 116796
269 565 982480
584 160 669368
919 861 7917
946 462 16703
946 472 853479
456 525 185822
406 199 660531
829 47 740016
937 96 51981
565 619 447741
861 217 366894
525 771 258439
619 603 58154
771 301 885062
603 324 8220
603 327 623562
603 408 196189
603 453 56834
301 405 541733
301 293 927662
327 311 705194
327 801 738874
408 911 755621
453 320 594368
453 547 928003
453 39 579231
453 517 960698
453 532 94905
405 459 998380
293 924 416464
311 3 507732
801 7 80771
801 505 981865
801 567 511589
320 143 825988
39 817 120864
517 506 100554
517 178 318850
517 60 300351
532 988 344224
924 50 923965
924 892 742331
924 461 33502
924 564 301861
505 306 143397
567 73 386732
178 373 65108
60 415 595437
60 21 705623
60 103 940793
50 45 466061
461 530 34175
564 570 877008
373 334 218535
415 326 976583
21 741 852707
103 934 56447
530 391 240527
530 824 311673
530 985 688625
570 319 36502
570 999 69803
334 100 645920
334 781 712100
741 844 508921
985 931 837928
319 36 995777
999 887 277330
781 604 304406
844 812 172208
931 124 139534
36 218 144340
887 568 153907
604 858 47400
812 684 559203
218 290 534891
218 483 453728
218 601 165183
568 119 175030
568 815 235682
858 86 155798
684 922 585823
483 251 819993
483 8 349315
601 245 368822
119 768 768811
815 984 629786
815 902 402191
86 158 216953
86 316 920901
922 393 466501
922 810 806344
8 258 244139
8 231 852005
245 588 203108
768 164 372469
902 412 604630
902 274 267107
231 813 845284
588 115 106783
588 905 494576
412 884 827890
274 366 10577
813 213 582275
115 325 921155
115 945 866744
905 639 395325
366 488 804067
366 735 815917
366 583 585932
945 146 215062
945 779 687167
639 116 537997
583 579 833400
116 706 488452
116 965 671894
116 748 635092
579 358 954985
965 257 304284
748 868 250356
748 805 297650
358 144 890842
358 863 880460
358 409 936874
358 962 120981
257 522 11386
868 447 485046
805 236 717478
805 240 519014
144 296 359080
409 395 246741
962 572 453477
962 994 599465
962 827 843526
447 932 152416
240 211 798551
240 418 286508
240 181 268180
395 711 470863
572 289 623665
572 332 262449
572 378 595510
827 185 54806
181 401 623549
181 763 603545
711 381 634655
711 134 273787
332 159 39812
378 716 881088
378 338 778307
185 92 67383
185 839 392127
401 898 783827
763 227 795379
763 880 892140
134 699 518488
159 646 776982
338 910 736314
338 376 687973
92 548 979001
92 762 834604
839 981 276061
839 259 541610
227 939 697807
227 966 943363
880 89 414137
880 967 552817
699 675 14842
646 776 191569
910 624 675549
910 658 973394
376 677 227396
376 129 555228
548 538 666219
548 281 759587
259 542 329608
259 727 240124
259 502 116029
939 545 14158
675 970 206061
129 22 761474
129 979 321566
538 363 274735
281 392 541663
727 662 466497
502 800 322220
502 592 696226
502 617 918173
545 4 771713
545 664 533278
970 468 448277
970 643 168153
979 232 218173
392 523 524394
392 663 563517
662 63 742077
592 137 353267
617 969 668647
617 666 278333
468 283 857318
232 929 164569
137 51 951587
137 873 489344
969 438 300265
969 912 409379
666 728 956291
666 590 477669
929 216 252378
51 476 168336
438 278 492072
590 500 572626
216 921 507119
476 631 545437
476 782 384655
278 61 739075
278 494 300145
500 621 907978
500 193 15049
921 315 503073
921 477 73054
921 683 769412
921 34 550662
494 49 189509
494 168 434709
621 58 541847
193 81 401749
193 749 80376
193 192 401509
683 432 801847
34 394 127373
58 82 566170
58 362 613633
58 820 210896
81 445 906797
192 514 439443
192 928 175448
394 744 130854
362 914 989870
820 265 895547
928 84 81798
928 246 159494
914 288 70230
265 930 207776
246 371 472967
930 109 323502
371 46 224280
46 907 876258
907 859 836458
859 787 969095
859 271 274418
787 834 173393
271 127 968788
127 434 252960
127 68 843631
127 788 5864
434 267 144128
68 742 459729
788 618 75413
742 739 604890
618 519 580658
618 31 63866
618 998 793009
739 266 356895
31 489 965608
266 520 246636
266 295 521650
266 559 786005
266 878 649028
266 885 236075
489 952 2927
520 292 43481
295 40 217837
295 549 23748
559 123 795088
878 593 468718
885 696 651894
952 187 976708
952 897 57306
952 632 679956
292 105 675596
593 864 452786
696 539 31974
187 79 179442
187 370 722064
187 430 727147
897 104 335092
897 803 565955
897 591 644555
632 674 655068
105 350 751188
105 427 169765
591 927 323705
591 423 773507
674 715 671062
674 655 873950
350 107 655417
927 712 42819
423 943 471673
715 503 197737
715 156 792372
655 821 932980
156 957 6480
821 279 634947
821 188 561760
821 866 45977
821 654 164673
957 700 337825
188 284 719337
866 302 1466
654 390 585585
700 297 242432
284 352 777136
390 184 987101
390 852 771611
390 896 759167
352 806 772675
852 935 852513
896 356 819717
806 703 191374
935 228 485433
935 55 148731
935 737 602190
356 693 414098
356 531 327316
228 347 54854
55 607 373782
55 899 2099
737 996 328102
531 44 528028
347 341 935751
899 756 346460
44 616 128008
44 860 985034
44 747 219329
44 630 75600
860 890 158486
747 343 460745
747 10 86860
630 857 99050
630 487 489501
630 982 903936
630 27 384354
890 879 841845
10 383 53131
857 26 381406
857 571 73937
487 913 422416
487 183 505770
27 534 103113
27 444 811589
27 546 585851
27 850 909470
879 275 868752
879 573 693535
383 481 892926
383 484 955962
183 828 679189
183 37 690089
444 511 414945
444 498 628833
546 241 163193
850 651 31332
850 958 326440
481 454 28515
484 507 453986
828 628 217645
37 797 535671
37 948 952433
511 490 384451
498 14 864597
241 330 739862
241 644 172619
651 398 563005
651 495 680038
958 148 213571
958 155 181454
958 997 3141
507 758 767686
507 153 325222
507 578 848429
507 606 776285
628 5 110466
797 577 327872
948 792 816083
490 599 867712
490 903 433258
14 831 705609
330 9 494569
644 466 990016
495 745 985821
495 175 23218
148 463 187320
148 688 347159
155 804 964053
758 611 268439
153 212 190203
578 52 32216
578 855 522286
606 125 41830
606 691 261357
606 560 814375
792 312 946229
599 555 554240
599 769 753682
831 665 670874
831 904 275934
831 478 377126
466 900 376010
745 202 725351
745 33 883568
175 740 91838
175 734 964047
175 443 379001
611 167 98605
212 849 457214
125 640 128209
560 971 180051
312 310 260182
478 608 485298
900 714 638486
900 908 176624
33 751 329597
33 875 402887
33 685 639168
740 57 896872
734 66 632151
734 659 536429
734 135 493702
443 918 954253
167 225 877289
640 354 346013
310 869 567483
608 581 75539
608 974 541095
714 195 516659
908 794 851058
908 470 794478
751 580 194863
875 575 48698
685 609 366403
57 895 270245
659 673 974266
135 652 922891
135 622 973910
918 641 422743
918 239 140519
354 131 715461
354 458 3258
974 90 612321
974 501 274477
974 920 419715
794 822 5967
794 968 779515
470 955 994209
470 772 451032
609 270 774663
609 287 784741
895 403 243224
895 166 743465
895 198 843147
673 402 577631
652 222 673801
622 537 581440
622 710 824074
622 18 163058
622 268 234247
239 719 922054
239 783 332219
458 586 406575
90 172 1239
955 796 247983
772 473 707894
772 717 357098
287 248 74607
287 713 308971
287 765 736218
287 936 700776
166 106 914559
198 552 216460
222 698 92554
710 455 156943
710 653 762764
18 140 451663
18 925 696211
268 206 858312
268 102 85890
783 397 865611
473 122 470499
473 446 611088
717 420 230804
717 759 317264
717 846 969617
717 322 248516
936 695 354351
936 842 585894
936 12 395500
106 282 478768
552 207 38552
455 113 599247
140 602 536360
102 291 717733
102 978 307083
397 989 120183
122 647 378943
122 847 75154
446 1 426658
420 723 159809
846 318 349343
846 533 159535
846 976 974113
322 256 668978
322 428 988624
322 244 786594
322 977 467655
695 421 375456
12 917 457367
282 513 708791
207 99 426858
207 721 693794
978 6 506231
978 770 290586
647 814 297341
647 121 72777
847 543 314963
1 422 451478
1 790 716111
976 883 232317
976 872 616136
428 818 355277
244 486 848401
244 133 174050
977 544 647034
977 701 653016
421 613 122139
917 479 312428
121 830 813453
790 854 327524
883 72 934439
872 333 961578
818 91 870375
818 729 876127
486 425 448296
486 836 258853
133 960 6619
701 551 761667
613 234 465156
854 451 33599
333 956 576370
91 558 180840
729 355 68852
425 203 59032
836 361 818853
551 838 77981
551 889 53046
451 569 298537
558 87 442823
203 242 490493
838 510 246323
889 149 81237
889 42 957134
569 743 860592
569 775 182394
569 808 471011
242 809 368575
510 142 20250
510 598 427696
149 65 868044
42 464 306853
42 986 709763
743 69 684724
743 556 596295
775 117 662559
775 587 917481
808 594 513409
809 681 627603
598 286 472964
598 71 355470
986 973 128272
556 767 200315
587 672 485854
594 339 180030
71 357 860175
71 440 576954
71 512 753057
672 400 886473
672 705 421411
357 13 30179
512 679 285301
512 766 608412
400 2 236373
705 261 884910
679 682 445245
766 321 635240
261 170 389892
682 893 16933
321 980 379066
893 563 923948
980 521 351598
980 634 360494
563 837 280378
634 138 336503
634 626 993769
634 871 186938
626 78 949332
626 687 810587
132 462 22 168 337 9 248 615 492 522 911 767 987 607 981 873 503 454 305 749 219 830 585 537 703 452 343 377 488 297 765 923 180 381 519 491 521 960 164 79 430 759 677 348 752 533 288 842 526 903 61 40 289 864 375 402 367 837 260 547 440 304 515 543 834 465 720 843 947 388 925 234 822 687 97 638 160 213 773 728 992 575 189 997 571 855 426 432 912 25 706 43 391 325 387 314 785 688 19 225 735 713 814 223 625 795 982 109 143 967 988 898 170 99 221 199 131 840 760 398 916 631 279 341 698 943 637 479 54 581 211 191 256 363 110 107 450 549 100 668 151 723 616 555 554 984 104 803 497 59 686 291 472 113 796 316 482 800 255 249 641 691 202 20 848 252 669 816 275 892 934 85 942 580 47 73 973 540 296 283 123 542 4 52 658 93 72 324 719 158 84 361 865 339 602 920 966 972 871 544 693 206 300 761 124 411 810 697 250 146 782 96 849 493 471 614 712 70 32 671 506 586 523 681 663 258 513 762 994 913 184 389 968 904 45 302 876 267 217 111 445 422 344 177 436 731 804 190 539 172 756 643 403 509 393 744 573 817 65 534 909 101 433 280 884 117 38 845 399 736 355 26 998 989 635 863 961 82 665 194 63 308 459 236 561 210 770 824 769 380 94 508 577 5 75 2 6 463 286 856 285 3 779 624 150 204 69 182 501 514 418 290 176 195 78 971 932 209 721 224 725 653 29 386 138 315 477 716 23 66 56 661 956 318 251 370 776 139 87 996 62 954 142 336 89 306 326 179 186 270 49 13 869 427 145 832 464 853 7 757 664 959 798
