1000 16
0 1 851739
1 2 488766
2 3 575150
3 4 801610
4 5 265562
5 6 988045
6 7 168464
7 8 884495
8 9 939429
9 10 97280
10 11 215900
11 12 593183
12 13 917611
13 14 813090
14 15 38478
15 16 447419
16 17 893084
17 18 67084
18 19 58896
19 20 191453
20 21 19837
21 22 320767
22 23 42840
23 24 357169
24 25 404652
25 26 759231
26 27 691385
27 28 222897
28 29 516619
29 30 616036
30 31 663351
31 32 246348
32 33 95530
33 34 916148
34 35 569723
35 36 836709
36 37 937998
37 38 89282
38 39 145767
39 40 911088
40 41 112809
41 42 641492
42 43 526975
43 44 85880
44 45 9210
45 46 804408
46 47 191510
47 48 68896
48 49 477654
49 50 900323
50 51 710584
51 52 473682
52 53 697308
53 54 847899
54 55 261952
55 56 568698
56 57 385742
57 58 900602
58 59 25757
59 60 262221
60 61 845594
61 62 153735
62 63 46430
63 64 726804
64 65 738811
65 66 439918
66 67 67956
67 68 873792
68 69 607564
69 70 193757
70 71 526164
71 72 653007
72 73 235859
73 74 284372
74 75 459553
75 76 753953
76 77 353319
77 78 780064
78 79 62169
79 80 848062
80 81 631866
81 82 117236
82 83 166593
83 84 571784
84 85 452821
85 86 797835
86 87 593987
87 88 212916
88 89 22241
89 90 462175
90 91 741007
91 92 910487
92 93 742921
93 94 84425
94 95 557782
95 96 913049
96 97 949344
97 98 366248
98 99 462060
99 100 531008
100 101 860465
101 102 367946
102 103 851109
103 104 510427
104 105 734520
105 106 927471
106 107 91722
107 108 503946
108 109 272741
109 110 63935
110 111 93606
111 112 328248
112 113 33007
113 114 468967
114 115 851818
115 116 120833
116 117 150648
117 118 436950
118 119 136002
119 120 890837
120 121 71568
121 122 150261
122 123 311671
123 124 999102
124 125 787040
125 126 738258
126 127 649206
127 128 493455
128 129 313866
129 130 484243
130 131 143376
131 132 280859
132 133 52774
133 134 728863
134 135 554841
135 136 804166
136 137 242713
137 138 486878
138 139 536096
139 140 830572
140 141 495730
141 142 450604
142 143 475310
143 144 253357
144 145 601710
145 146 435804
146 147 900145
147 148 556461
148 149 71831
149 150 480474
150 151 784400
151 152 27451
152 153 308141
153 154 485867
154 155 41947
155 156 372231
156 157 412087
157 158 439035
158 159 463786
159 160 659328
160 161 790306
161 162 992245
162 163 414154
163 164 963352
164 165 893099
165 166 198802
166 167 249779
167 168 388988
168 169 372503
169 170 767955
170 171 789789
171 172 359887
172 173 379134
173 174 33947
174 175 309718
175 176 378723
176 177 179385
177 178 992570
178 179 430721
179 180 375533
180 181 400522
181 182 577531
182 183 868362
183 184 572349
184 185 420958
185 186 51544
186 187 912417
187 188 64262
188 189 707662
189 190 510205
190 191 84473
191 192 225769
192 193 878102
193 194 676886
194 195 398164
195 196 899450
196 197 401480
197 198 746020
198 199 626831
199 200 465704
200 201 646408
201 202 582107
202 203 603437
203 204 218322
204 205 261974
205 206 768489
206 207 322077
207 208 382295
208 209 60055
209 210 278537
210 211 855618
211 212 517311
212 213 492992
213 214 509487
214 215 728411
215 216 195262
216 217 897906
217 218 507854
218 219 213273
219 220 620066
220 221 295446
221 222 622737
222 223 99265
223 224 310536
224 225 988678
225 226 839604
226 227 284792
227 228 80255
228 229 730863
229 230 626893
230 231 435954
231 232 689280
232 233 964345
233 234 734268
234 235 626183
235 236 911588
236 237 915149
237 238 613889
238 239 821225
239 240 101339
240 241 639775
241 242 421910
242 243 627008
243 244 122184
244 245 847281
245 246 75634
246 247 317463
247 248 25626
248 249 259231
249 250 568531
250 251 570972
251 252 524579
252 253 127248
253 254 827346
254 255 639008
255 256 837037
256 257 763794
257 258 740239
258 259 668211
259 260 406125
260 261 861469
261 262 381564
262 263 908213
263 264 102578
264 265 591281
265 266 819454
266 267 755412
267 268 623318
268 269 694554
269 270 162529
270 271 673770
271 272 505498
272 273 726959
273 274 875255
274 275 155311
275 276 452901
276 277 650969
277 278 424851
278 279 459786
279 280 427458
280 281 478991
281 282 987924
282 283 42583
283 284 564820
284 285 406028
285 286 748843
286 287 948668
287 288 819447
288 289 649480
289 290 746802
290 291 421210
291 292 226803
292 293 521961
293 294 474560
294 295 40962
295 296 127408
296 297 82661
297 298 825169
298 299 364309
299 300 397601
300 301 775449
301 302 380846
302 303 837369
303 304 135640
304 305 493935
305 306 223396
306 307 654072
307 308 81854
308 309 428628
309 310 485901
310 311 537970
311 312 564867
312 313 442206
313 314 834433
314 315 381466
315 316 598926
316 317 592573
317 318 413044
318 319 65441
319 320 825131
320 321 873854
321 322 13562
322 323 561231
323 324 31276
324 325 222459
325 326 985836
326 327 283881
327 328 513041
328 329 349592
329 330 950600
330 331 635321
331 332 351916
332 333 773990
333 334 604555
334 335 610034
335 336 143494
336 337 71433
337 338 135416
338 339 460703
339 340 322748
340 341 619685
341 342 27777
342 343 302531
343 344 666067
344 345 699841
345 346 517058
346 347 786477
347 348 871268
348 349 376204
349 350 689603
350 351 209393
351 352 795166
352 353 143356
353 354 170593
354 355 333170
355 356 848495
356 357 899254
357 358 491385
358 359 619993
359 360 23434
360 361 253374
361 362 554790
362 363 508646
363 364 174342
364 365 508843
365 366 974247
366 367 818435
367 368 919022
368 369 658007
369 370 569348
370 371 423796
371 372 511837
372 373 652958
373 374 444385
374 375 487819
375 376 252124
376 377 123777
377 378 419735
378 379 981249
379 380 195260
380 381 92569
381 382 379740
382 383 373950
383 384 85797
384 385 21719
385 386 781736
386 387 96691
387 388 487699
388 389 831543
389 390 282240
390 391 685624
391 392 208795
392 393 656417
393 394 966103
394 395 277786
395 396 630847
396 397 646120
397 398 528544
398 399 1158
399 400 496153
400 401 470880
401 402 857528
402 403 303651
403 404 726793
404 405 537154
405 406 900228
406 407 300599
407 408 766398
408 409 837128
409 410 494275
410 411 10521
411 412 292078
412 413 212136
413 414 66160
414 415 194619
415 416 690055
416 417 67569
417 418 892214
418 419 953045
419 420 926373
420 421 640338
421 422 844489
422 423 748535
423 424 664767
424 425 633080
425 426 621445
426 427 612311
427 428 841492
428 429 22081
429 430 702378
430 431 164118
431 432 650403
432 433 392444
433 434 796676
434 435 437136
435 436 610759
436 437 77281
437 438 975821
438 439 846940
439 440 242773
440 441 150657
441 442 444011
442 443 155364
443 444 292074
444 445 847176
445 446 824299
446 447 253550
447 448 724921
448 449 152226
449 450 319241
450 451 42116
451 452 345156
452 453 912041
453 454 654839
454 455 933887
455 456 291867
456 457 347558
457 458 414818
458 459 227157
459 460 203690
460 461 955044
461 462 454426
462 463 801314
463 464 602321
464 465 341712
465 466 199659
466 467 675233
467 468 279328
468 469 746027
469 470 906146
470 471 952454
471 472 263083
472 473 514937
473 474 259483
474 475 935366
475 476 632378
476 477 596327
477 478 206533
478 479 204525
479 480 90257
480 481 103061
481 482 472997
482 483 884152
483 484 88614
484 485 623846
485 486 22037
486 487 90459
487 488 323242
488 489 170639
489 490 881745
490 491 638306
491 492 323765
492 493 417852
493 494 525253
494 495 936612
495 496 270316
496 497 217233
497 498 137180
498 499 353312
499 500 781227
500 501 653383
501 502 489451
502 503 503116
503 504 777249
504 505 160157
505 506 97033
506 507 561621
507 508 416065
508 509 539003
509 510 40554
510 511 501444
511 512 214165
512 513 501509
513 514 328050
514 515 320811
515 516 857019
516 517 160420
517 518 534719
518 519 211711
519 520 367200
520 521 712988
521 522 225551
522 523 791399
523 524 3950
524 525 70299
525 526 529619
526 527 170575
527 528 370456
528 529 170000
529 530 343401
530 531 956009
531 532 673598
532 533 556133
533 534 660718
534 535 353737
535 536 320165
536 537 487484
537 538 93534
538 539 337035
539 540 91390
540 541 389977
541 542 647002
542 543 849031
543 544 11044
544 545 691522
545 546 287537
546 547 618231
547 548 136395
548 549 492992
549 550 846396
550 551 34308
551 552 843943
552 553 668256
553 554 773885
554 555 574434
555 556 849986
556 557 510449
557 558 142921
558 559 662041
559 560 899401
560 561 921378
561 562 723825
562 563 430122
563 564 997922
564 565 989946
565 566 936057
566 567 675760
567 568 2952
568 569 28872
569 570 884258
570 571 510479
571 572 207084
572 573 336084
573 574 295747
574 575 312484
575 576 880796
576 577 613349
577 578 52648
578 579 693435
579 580 269283
580 581 395142
581 582 997601
582 583 279571
583 584 721225
584 585 442404
585 586 560902
586 587 427381
587 588 978562
588 589 912415
589 590 807945
590 591 21597
591 592 834351
592 593 341948
593 594 7295
594 595 219149
595 596 957591
596 597 356631
597 598 557697
598 599 448430
599 600 980762
600 601 999302
601 602 52982
602 603 459701
603 604 832355
604 605 536813
605 606 733489
606 607 194209
607 608 605396
608 609 385641
609 610 941347
610 611 721968
611 612 350914
612 613 589754
613 614 785544
614 615 69019
615 616 659081
616 617 598804
617 618 766975
618 619 567907
619 620 265061
620 621 185593
621 622 770185
622 623 738114
623 624 169339
624 625 399276
625 626 886967
626 627 344633
627 628 709775
628 629 986710
629 630 728239
630 631 613662
631 632 444570
632 633 895984
633 634 812747
634 635 45522
635 636 661464
636 637 136032
637 638 450963
638 639 45658
639 640 914368
640 641 627380
641 642 361934
642 643 255241
643 644 923533
644 645 437517
645 646 72815
646 647 287290
647 648 676776
648 649 583806
649 650 322160
650 651 820539
651 652 916847
652 653 431310
653 654 349895
654 655 133183
655 656 68268
656 657 252727
657 658 640326
658 659 334019
659 660 183723
660 661 814413
661 662 643403
662 663 977174
663 664 266910
664 665 599671
665 666 263292
666 667 355227
667 668 379882
668 669 143914
669 670 81124
670 671 737872
671 672 854568
672 673 944345
673 674 816573
674 675 90840
675 676 309486
676 677 930110
677 678 917193
678 679 867545
679 680 323300
680 681 695489
681 682 240685
682 683 330862
683 684 155604
684 685 368889
685 686 986974
686 687 600793
687 688 646260
688 689 573066
689 690 343506
690 691 762797
691 692 318938
692 693 600474
693 694 629865
694 695 400292
695 696 528504
696 697 259711
697 698 60199
698 699 772133
699 700 310311
700 701 346160
701 702 843746
702 703 585800
703 704 145081
704 705 7265
705 706 223736
706 707 737555
707 708 58384
708 709 832722
709 710 423919
710 711 810588
711 712 781728
712 713 525836
713 714 328538
714 715 168636
715 716 972110
716 717 812550
717 718 348424
718 719 381405
719 720 333790
720 721 919635
721 722 283205
722 723 495261
723 724 352591
724 725 941241
725 726 545668
726 727 71317
727 728 703055
728 729 601663
729 730 644715
730 731 615787
731 732 329576
732 733 416843
733 734 796129
734 735 359936
735 736 747090
736 737 398337
737 738 228377
738 739 272208
739 740 646701
740 741 899706
741 742 230000
742 743 13032
743 744 15194
744 745 888137
745 746 496362
746 747 887317
747 748 626370
748 749 489140
749 750 286580
750 751 925588
751 752 711199
752 753 840697
753 754 963859
754 755 345796
755 756 606691
756 757 672790
757 758 740498
758 759 580491
759 760 826258
760 761 280023
761 762 764528
762 763 568923
763 764 201927
764 765 410400
765 766 951088
766 767 581766
767 768 452681
768 769 517757
769 770 611969
770 771 104328
771 772 590894
772 773 145966
773 774 34773
774 775 882949
775 776 181838
776 777 888814
777 778 365149
778 779 567566
779 780 997060
780 781 811968
781 782 372671
782 783 776150
783 784 859004
784 785 223717
785 786 541125
786 787 448115
787 788 605265
788 789 679787
789 790 277938
790 791 557828
791 792 834288
792 793 982231
793 794 804399
794 795 363034
795 796 532423
796 797 798032
797 798 187362
798 799 250229
799 800 702834
800 801 356966
801 802 898101
802 803 917728
803 804 686537
804 805 294434
805 806 389716
806 807 761664
807 808 813919
808 809 36120
809 810 836602
810 811 125153
811 812 76654
812 813 413312
813 814 825675
814 815 315876
815 816 388621
816 817 612076
817 818 125911
818 819 899799
819 820 544063
820 821 722731
821 822 321500
822 823 791393
823 824 437645
824 825 747360
825 826 409646
826 827 296289
827 828 540523
828 829 434611
829 830 407197
830 831 689977
831 832 107368
832 833 873577
833 834 505629
834 835 749088
835 836 203519
836 837 446901
837 838 764024
838 839 597405
839 840 633033
840 841 945181
841 842 464155
842 843 155403
843 844 741530
844 845 314440
845 846 694965
846 847 425354
847 848 473555
848 849 329990
849 850 473636
850 851 994019
851 852 823863
852 853 281622
853 854 186791
854 855 558609
855 856 368961
856 857 828999
857 858 1575
858 859 939504
859 860 425585
860 861 747917
861 862 993972
862 863 919039
863 864 873168
864 865 713157
865 866 696882
866 867 546559
867 868 837921
868 869 607557
869 870 893632
870 871 777885
871 872 724094
872 873 635594
873 874 741732
874 875 849192
875 876 815693
876 877 502828
877 878 589301
878 879 934207
879 880 715709
880 881 126375
881 882 271947
882 883 189916
883 884 64980
884 885 355530
885 886 675608
886 887 19712
887 888 923712
888 889 744326
889 890 991618
890 891 909954
891 892 389276
892 893 173117
893 894 585779
894 895 153598
895 896 44430
896 897 291834
897 898 508396
898 899 701826
899 900 42502
900 901 769373
901 902 345128
902 903 208873
903 904 934296
904 905 125460
905 906 408181
906 907 515459
907 908 642142
908 909 407673
909 910 53395
910 911 161861
911 912 231226
912 913 650831
913 914 734338
914 915 744644
915 916 774147
916 917 854562
917 918 436817
918 919 261351
919 920 44086
920 921 185475
921 922 404072
922 923 739712
923 924 592356
924 925 865568
925 926 877265
926 927 35665
927 928 211407
928 929 243360
929 930 799448
930 931 777703
931 932 579200
932 933 562934
933 934 355487
934 935 780148
935 936 983520
936 937 591404
937 938 960099
938 939 756027
939 940 950073
940 941 789826
941 942 852684
942 943 975555
943 944 800946
944 945 586250
945 946 172794
946 947 634528
947 948 478742
948 949 311226
949 950 525670
950 951 587166
951 952 351610
952 953 875527
953 954 748920
954 955 972995
955 956 154630
956 957 579633
957 958 669631
958 959 852548
959 960 999053
960 961 762258
961 962 300753
962 963 352971
963 964 662393
964 965 433707
965 966 121490
966 967 246635
967 968 570616
968 969 767435
969 970 255235
970 971 278562
971 972 834330
972 973 624727
973 974 633599
974 975 661277
975 976 606260
976 977 7091
977 978 965862
978 979 918432
979 980 879842
980 981 318054
981 982 199339
982 983 586966
983 984 267301
983 985 669918
983 986 435994
983 987 78266
983 988 439177
983 989 819159
983 990 311553
983 991 24311
983 992 992048
983 993 726454
983 994 293611
983 995 748468
983 996 761997
983 997 561320
983 998 564269
983 999 159121
984 985 986 987 988 989 990 991 992 993 994 995 996 997 998 999
