1000 81
0 1 893345
0 2 489219
0 3 644740
0 4 173975
0 5 509997
0 6 858958
0 7 704917
0 8 440540
0 9 387938
1 10 874565
2 11 558722
3 12 590881
4 13 335067
5 14 415323
6 15 372807
7 16 547548
8 17 236925
9 18 606892
10 19 538722
11 20 197753
12 21 821357
13 22 332854
14 23 203929
15 24 719738
16 25 111257
17 26 27162
18 27 10132
19 28 821418
20 29 419470
21 30 677594
22 31 223654
23 32 882562
24 33 833083
25 34 516728
26 35 399165
27 36 474222
28 37 876122
29 38 180495
30 39 258232
31 40 803049
32 41 884298
33 42 838545
34 43 813101
35 44 165217
36 45 994663
37 46 327851
38 47 475875
39 48 591199
40 49 84908
41 50 819894
42 51 263519
43 52 713749
44 53 216675
45 54 668020
46 55 786313
47 56 476051
48 57 795227
49 58 295874
50 59 153555
51 60 993328
52 61 634525
53 62 417490
54 63 884236
55 64 649720
56 65 612475
57 66 100158
58 67 588758
59 68 88991
60 69 259272
61 70 339069
62 71 331088
63 72 76961
64 73 280177
65 74 457018
66 75 505488
67 76 498198
68 77 798460
69 78 97640
70 79 379844
71 80 164941
72 81 967484
73 82 796509
74 83 3981
75 84 323037
76 85 699814
77 86 543969
78 87 175954
79 88 860309
80 89 820279
81 90 163224
82 91 180906
83 92 215642
84 93 570663
85 94 256198
86 95 18915
87 96 626905
88 97 800761
89 98 493736
90 99 174407
91 100 191479
92 101 238254
93 102 866096
94 103 907972
95 104 263877
96 105 10727
97 106 99337
98 107 142566
99 108 911190
100 109 23020
101 110 592295
102 111 31408
103 112 530148
104 113 588118
105 114 356376
106 115 33120
107 116 631722
108 117 17745
109 118 858236
110 119 787110
111 120 669923
112 121 421963
113 122 593243
114 123 62721
115 124 817667
116 125 300092
117 126 465614
118 127 73929
119 128 180915
120 129 435137
121 130 124497
122 131 122419
123 132 644061
124 133 514783
125 134 180880
126 135 464367
127 136 983965
128 137 715248
129 138 241633
130 139 986565
131 140 612029
132 141 548862
133 142 962401
134 143 121755
135 144 762735
136 145 8206
137 146 733528
138 147 583657
139 148 964564
140 149 764095
141 150 117348
142 151 856487
143 152 351291
144 153 25306
145 154 630920
146 155 489230
147 156 405874
148 157 885332
149 158 871542
150 159 223290
151 160 716074
152 161 887089
153 162 349956
154 163 133047
155 164 626021
156 165 250569
157 166 821578
158 167 494055
159 168 172269
160 169 720209
161 170 495753
162 171 841208
163 172 734562
164 173 23865
165 174 231976
166 175 163010
167 176 73891
168 177 746016
169 178 717508
170 179 756855
171 180 782684
172 181 66881
173 182 902415
174 183 254270
175 184 490464
176 185 772566
177 186 327497
178 187 900486
179 188 558045
180 189 209336
181 190 598326
182 191 989468
183 192 731524
184 193 968837
185 194 147464
186 195 634509
187 196 115753
188 197 369318
189 198 234356
190 199 349152
191 200 608630
192 201 921126
193 202 766270
194 203 51907
195 204 671824
196 205 664353
197 206 189159
198 207 698748
199 208 984151
200 209 888389
201 210 145742
202 211 985705
203 212 88107
204 213 235251
205 214 569097
206 215 34310
207 216 796432
208 217 484566
209 218 242469
210 219 213821
211 220 403387
212 221 1963
213 222 983307
214 223 542579
215 224 133591
216 225 442655
217 226 50912
218 227 950595
219 228 538370
220 229 437498
221 230 913076
222 231 588499
223 232 764926
224 233 295328
225 234 716
226 235 715872
227 236 231784
228 237 148087
229 238 767429
230 239 788089
231 240 50351
232 241 921415
233 242 652685
234 243 118384
235 244 691958
236 245 862211
237 246 730749
238 247 707030
239 248 234151
240 249 613270
241 250 875734
242 251 459765
243 252 910103
244 253 598891
245 254 156751
246 255 974224
247 256 496438
248 257 600319
249 258 420835
250 259 81357
251 260 141812
252 261 544819
253 262 787400
254 263 634202
255 264 938359
256 265 967537
257 266 82025
258 267 409027
259 268 375468
260 269 887770
261 270 753851
262 271 695171
263 272 690549
264 273 651335
265 274 210864
266 275 856012
267 276 981086
268 277 353708
269 278 213153
270 279 762097
271 280 280723
272 281 523385
273 282 173097
274 283 739
275 284 294765
276 285 546995
277 286 300119
278 287 21888
279 288 841637
280 289 398636
281 290 253044
282 291 537349
283 292 764625
284 293 803672
285 294 196513
286 295 502774
287 296 243652
288 297 167851
289 298 667357
290 299 163384
291 300 599353
292 301 277935
293 302 673813
294 303 675617
295 304 175952
296 305 266293
297 306 47133
298 307 514736
299 308 903531
300 309 560277
301 310 304711
302 311 994135
303 312 378961
304 313 529812
305 314 150452
306 315 150707
307 316 51249
308 317 680171
309 318 441818
310 319 702352
311 320 725723
312 321 306005
313 322 115469
314 323 226990
315 324 630085
316 325 140762
317 326 300763
318 327 863031
319 328 678577
320 329 635103
321 330 110617
322 331 573512
323 332 645724
324 333 201311
325 334 599589
326 335 876132
327 336 863200
328 337 860512
329 338 279716
330 339 910167
331 340 982861
332 341 618801
333 342 352139
334 343 857280
335 344 590461
336 345 965809
337 346 190873
338 347 293159
339 348 384885
340 349 852525
341 350 153198
342 351 155230
343 352 381454
344 353 503933
345 354 543126
346 355 585189
347 356 574184
348 357 943371
349 358 463539
350 359 895600
351 360 731542
352 361 250461
353 362 222007
354 363 321919
355 364 315334
356 365 634698
357 366 162078
358 367 413601
359 368 864402
360 369 731914
361 370 648678
362 371 389323
363 372 618359
364 373 841267
365 374 235223
366 375 877196
367 376 218874
368 377 222943
369 378 164071
370 379 241966
371 380 998719
372 381 91456
373 382 401089
374 383 259130
375 384 126522
376 385 141980
377 386 158619
378 387 92882
379 388 422708
380 389 539186
381 390 17051
382 391 704603
383 392 232493
384 393 745551
385 394 969670
386 395 234341
387 396 620963
388 397 182167
389 398 912425
390 399 664074
391 400 804142
392 401 988636
393 402 227856
394 403 258199
395 404 276374
396 405 954714
397 406 57333
398 407 642898
399 408 431291
400 409 437375
401 410 965146
402 411 658485
403 412 13971
404 413 218530
405 414 243060
406 415 693648
407 416 739508
408 417 887695
409 418 959352
410 419 845404
411 420 411725
412 421 927638
413 422 94643
414 423 854837
415 424 133659
416 425 477197
417 426 777739
418 427 73019
419 428 437557
420 429 63299
421 430 3256
422 431 238867
423 432 573187
424 433 212546
425 434 311827
426 435 414828
427 436 30304
428 437 165723
429 438 241174
430 439 250518
431 440 697058
432 441 278547
433 442 263768
434 443 256483
435 444 690774
436 445 357021
437 446 759856
438 447 987087
439 448 402781
440 449 537438
441 450 395469
442 451 978992
443 452 385628
444 453 209115
445 454 911251
446 455 312646
447 456 563510
448 457 439759
449 458 382279
450 459 340297
451 460 880661
452 461 210720
453 462 786355
454 463 100335
455 464 215312
456 465 938644
457 466 864510
458 467 640995
459 468 231112
460 469 870301
461 470 963663
462 471 319268
463 472 632576
464 473 558736
465 474 663011
466 475 172058
467 476 919690
468 477 204101
469 478 815531
470 479 270530
471 480 642623
472 481 12785
473 482 804428
474 483 214956
475 484 93976
476 485 368788
477 486 284879
478 487 552176
479 488 931042
480 489 79960
481 490 726082
482 491 760370
483 492 110627
484 493 401078
485 494 269225
486 495 904155
487 496 592788
488 497 103799
489 498 964778
490 499 881734
491 500 366404
492 501 490777
493 502 401486
494 503 28767
495 504 374161
496 505 308641
497 506 800907
498 507 916605
499 508 868731
500 509 129292
501 510 336894
502 511 116088
503 512 438953
504 513 97792
505 514 691014
506 515 109177
507 516 313984
508 517 733884
509 518 78417
510 519 499682
511 520 295847
512 521 919918
513 522 907870
514 523 554612
515 524 393579
516 525 660687
517 526 875545
518 527 301733
519 528 932077
520 529 704194
521 530 659625
522 531 648924
523 532 219370
524 533 155742
525 534 71446
526 535 176261
527 536 661776
528 537 301125
529 538 330490
530 539 498131
531 540 613744
532 541 712185
533 542 366489
534 543 191806
535 544 824981
536 545 670764
537 546 709532
538 547 3462
539 548 328932
540 549 665894
541 550 756356
542 551 62835
543 552 480178
544 553 438650
545 554 779738
546 555 834473
547 556 968667
548 557 68454
549 558 299021
550 559 366958
551 560 414501
552 561 609837
553 562 404751
554 563 77648
555 564 819172
556 565 206004
557 566 962841
558 567 169014
559 568 580292
560 569 494314
561 570 970306
562 571 931391
563 572 747471
564 573 124178
565 574 511271
566 575 227223
567 576 142960
568 577 60317
569 578 723991
570 579 193832
571 580 558144
572 581 450265
573 582 276540
574 583 121197
575 584 821283
576 585 453825
577 586 600404
578 587 778725
579 588 959565
580 589 838285
581 590 836775
582 591 884864
583 592 197548
584 593 638482
585 594 141243
586 595 911487
587 596 476070
588 597 879952
589 598 103013
590 599 101065
591 600 894274
592 601 721804
593 602 746456
594 603 278165
595 604 82167
596 605 22345
597 606 600881
598 607 225124
599 608 696041
600 609 905157
601 610 478291
602 611 410041
603 612 502775
604 613 696993
605 614 560566
606 615 616517
607 616 642414
608 617 858420
609 618 953379
610 619 76702
611 620 116741
612 621 910293
613 622 303227
614 623 816735
615 624 300987
616 625 388839
617 626 354950
618 627 341118
619 628 50210
620 629 462706
621 630 532297
622 631 482168
623 632 234522
624 633 79292
625 634 180555
626 635 219700
627 636 890347
628 637 148713
629 638 917049
630 639 288772
631 640 644875
632 641 842761
633 642 562334
634 643 103036
635 644 430066
636 645 163424
637 646 720227
638 647 756603
639 648 104701
640 649 190491
641 650 873220
642 651 449954
643 652 102542
644 653 145882
645 654 544175
646 655 762049
647 656 815854
648 657 911534
649 658 919473
650 659 419424
651 660 101302
652 661 911082
653 662 849237
654 663 999301
655 664 47722
656 665 613114
657 666 273047
658 667 580796
659 668 777377
660 669 398338
661 670 941452
662 671 208275
663 672 33942
664 673 464343
665 674 691309
666 675 267292
667 676 503791
668 677 658672
669 678 96503
670 679 722527
671 680 767021
672 681 466439
673 682 841460
674 683 463609
675 684 203367
676 685 402742
677 686 404259
678 687 487009
679 688 449463
680 689 235015
681 690 530619
682 691 227899
683 692 462282
684 693 298215
685 694 735237
686 695 974739
687 696 370586
688 697 133213
689 698 647352
690 699 915670
691 700 372479
692 701 425551
693 702 350189
694 703 904686
695 704 236936
696 705 533775
697 706 341186
698 707 321892
699 708 150934
700 709 135705
701 710 926648
702 711 816152
703 712 903040
704 713 562647
705 714 939525
706 715 853575
707 716 130213
708 717 163210
709 718 66945
710 719 582188
711 720 916547
712 721 819804
713 722 176218
714 723 145870
715 724 989296
716 725 333233
717 726 696208
718 727 463691
719 728 639007
720 729 886134
721 730 143817
722 731 188218
723 732 644868
724 733 51906
725 734 753607
726 735 402930
727 736 767316
728 737 207569
729 738 594987
730 739 610008
731 740 962032
732 741 320202
733 742 430975
734 743 828403
735 744 904986
736 745 36403
737 746 760636
738 747 618270
739 748 638920
740 749 143105
741 750 857757
742 751 53813
743 752 425475
744 753 66919
745 754 684928
746 755 490091
747 756 156598
748 757 189502
749 758 76062
750 759 581965
751 760 350717
752 761 852293
753 762 192259
754 763 868386
755 764 278026
756 765 201189
757 766 700679
758 767 799838
759 768 28150
760 769 21620
761 770 201768
762 771 791960
763 772 888044
764 773 849358
765 774 750779
766 775 302225
767 776 770990
768 777 86101
769 778 179795
770 779 517367
771 780 956279
772 781 837033
773 782 143825
774 783 397399
775 784 853266
776 785 998556
777 786 253197
778 787 246209
779 788 151854
780 789 766010
781 790 331562
782 791 779793
783 792 980903
784 793 54342
785 794 73883
786 795 508855
787 796 404677
788 797 125738
789 798 533317
790 799 705553
791 800 503697
792 801 298765
793 802 797099
794 803 643538
795 804 324581
796 805 85956
797 806 701826
798 807 769911
799 808 928223
800 809 789147
801 810 439239
802 811 781736
803 812 438611
804 813 316688
805 814 487109
806 815 904808
807 816 117407
808 817 343955
809 818 673275
810 819 878994
811 820 828140
812 821 197415
813 822 680626
814 823 715029
815 824 682078
816 825 554362
817 826 350431
818 827 123493
819 828 751690
820 829 64495
821 830 409106
822 831 327043
823 832 499109
824 833 293099
825 834 830228
826 835 886388
827 836 558412
828 837 120992
829 838 921378
830 839 690901
831 840 64662
832 841 865711
833 842 58441
834 843 129339
835 844 242981
836 845 261800
837 846 35168
838 847 267469
839 848 498142
840 849 578791
841 850 226487
842 851 973622
843 852 945484
844 853 194704
845 854 506978
846 855 934870
847 856 197322
848 857 298486
849 858 210620
850 859 822153
851 860 334324
852 861 949288
853 862 671757
854 863 170067
855 864 47119
856 865 59636
857 866 22348
858 867 388409
859 868 650917
860 869 237955
861 870 104485
862 871 838869
863 872 664458
864 873 982507
865 874 864475
866 875 217128
867 876 595571
868 877 385438
869 878 416551
870 879 282894
871 880 186595
872 881 518879
873 882 298479
874 883 197474
875 884 52240
876 885 803301
877 886 413651
878 887 861404
879 888 511600
880 889 637383
881 890 81132
882 891 51695
883 892 484075
884 893 411761
885 894 333515
886 895 918278
887 896 990059
888 897 738931
889 898 756779
890 899 75660
891 900 467886
892 901 939184
893 902 758342
894 903 170972
895 904 167358
896 905 646610
897 906 280132
898 907 874051
899 908 556681
900 909 95225
901 910 88799
902 911 27847
903 912 376596
904 913 131909
905 914 672075
906 915 855455
907 916 999215
908 917 27434
909 918 300967
910 927 944962
910 936 117290
910 945 741194
910 954 60881
910 963 778599
910 972 648898
910 981 115259
910 990 627940
910 999 145214
911 919 807051
911 928 782671
911 937 167295
911 946 9496
911 955 555873
911 964 726342
911 973 253984
911 982 418745
911 991 742395
912 920 499918
912 929 905792
912 938 487725
912 947 327343
912 956 359258
912 965 141224
912 974 758009
912 983 944221
912 992 569917
913 921 589170
913 930 222549
913 939 303255
913 948 400943
913 957 425593
913 966 393384
913 975 475502
913 984 967529
913 993 528653
914 922 357970
914 931 260635
914 940 993373
914 949 686272
914 958 441653
914 967 744844
914 976 93077
914 985 343447
914 994 17964
915 923 154703
915 932 827120
915 941 785007
915 950 509839
915 959 270868
915 968 551309
915 977 369721
915 986 524292
915 995 24210
916 924 37547
916 933 341900
916 942 161150
916 951 508396
916 960 867804
916 969 945233
916 978 849685
916 987 422307
916 996 416706
917 925 617070
917 934 859120
917 943 193948
917 952 144394
917 961 634770
917 970 13280
917 979 100107
917 988 924371
917 997 29157
918 926 744299
918 935 706426
918 944 168062
918 953 188047
918 962 122896
918 971 972888
918 980 820325
918 989 39669
918 998 330751
919 920 921 922 923 924 925 926 927 928 929 930 931 932 933 934 935 936 937 938 939 940 941 942 943 944 945 946 947 948 949 950 951 952 953 954 955 956 957 958 959 960 961 962 963 964 965 966 967 968 969 970 971 972 973 974 975 976 977 978 979 980 981 982 983 984 985 986 987 988 989 990 991 992 993 994 995 996 997 998 999
