1000 49
0 1 743716
0 2 620756
0 3 225447
0 4 914728
0 5 682272
0 6 253414
0 7 842355
1 8 570561
2 9 779245
3 10 847955
4 11 863922
5 12 767246
6 13 53523
7 14 660180
8 15 576170
9 16 152392
10 17 701609
11 18 400515
12 19 391337
13 20 982235
14 21 522441
15 22 657754
16 23 502083
17 24 898620
18 25 817177
19 26 301128
20 27 455708
21 28 283848
22 29 82163
23 30 866725
24 31 786106
25 32 745518
26 33 615490
27 34 28555
28 35 711569
29 36 103889
30 37 594542
31 38 517644
32 39 703991
33 40 52334
34 41 338716
35 42 624275
36 43 469586
37 44 271120
38 45 646828
39 46 446876
40 47 167494
41 48 169448
42 49 760378
43 50 468922
44 51 303636
45 52 376457
46 53 860642
47 54 683744
48 55 502233
49 56 45963
50 57 605366
51 58 980052
52 59 403295
53 60 861451
54 61 60121
55 62 571559
56 63 436736
57 64 741124
58 65 370790
59 66 482603
60 67 658356
61 68 17618
62 69 976391
63 70 939500
64 71 861997
65 72 45450
66 73 954636
67 74 219195
68 75 864876
69 76 679049
70 77 811490
71 78 961731
72 79 139170
73 80 926689
74 81 263734
75 82 780357
76 83 295610
77 84 615445
78 85 987124
79 86 892970
80 87 786479
81 88 417093
82 89 893074
83 90 494713
84 91 503574
85 92 142714
86 93 823015
87 94 690171
88 95 118210
89 96 423815
90 97 129970
91 98 778208
92 99 806582
93 100 535336
94 101 668545
95 102 599271
96 103 641475
97 104 406092
98 105 777336
99 106 491067
100 107 930237
101 108 634323
102 109 610083
103 110 551762
104 111 540794
105 112 917021
106 113 936641
107 114 540408
108 115 121350
109 116 319277
110 117 932386
111 118 133123
112 119 640360
113 120 59390
114 121 797698
115 122 183865
116 123 982716
117 124 242608
118 125 668679
119 126 964735
120 127 760783
121 128 529522
122 129 797883
123 130 119632
124 131 384484
125 132 516849
126 133 362838
127 134 659409
128 135 345717
129 136 347758
130 137 699236
131 138 311029
132 139 346107
133 140 35474
134 141 664380
135 142 594067
136 143 571872
137 144 45983
138 145 328444
139 146 280881
140 147 381467
141 148 930778
142 149 752294
143 150 127932
144 151 423145
145 152 152643
146 153 242218
147 154 509466
148 155 769487
149 156 6793
150 157 795934
151 158 541788
152 159 231070
153 160 147243
154 161 518834
155 162 478456
156 163 561806
157 164 714858
158 165 141613
159 166 359673
160 167 186547
161 168 532720
162 169 126137
163 170 641586
164 171 465773
165 172 329248
166 173 965524
167 174 230791
168 175 300580
169 176 368707
170 177 873407
171 178 491160
172 179 559670
173 180 459088
174 181 393040
175 182 202278
176 183 379403
177 184 869473
178 185 392681
179 186 945066
180 187 834591
181 188 671348
182 189 707984
183 190 646372
184 191 316214
185 192 9548
186 193 777299
187 194 25344
188 195 605882
189 196 63208
190 197 798132
191 198 755391
192 199 858238
193 200 190562
194 201 415363
195 202 577745
196 203 886823
197 204 559181
198 205 527598
199 206 278373
200 207 17655
201 208 932742
202 209 644556
203 210 331915
204 211 507428
205 212 363390
206 213 202693
207 214 636391
208 215 354677
209 216 547658
210 217 524045
211 218 548585
212 219 593138
213 220 524081
214 221 993030
215 222 186439
216 223 571500
217 224 628578
218 225 842317
219 226 81248
220 227 485185
221 228 697348
222 229 862692
223 230 84374
224 231 873723
225 232 113672
226 233 904888
227 234 634118
228 235 176106
229 236 345731
230 237 973244
231 238 31513
232 239 441788
233 240 65134
234 241 349728
235 242 319673
236 243 716079
237 244 593389
238 245 752726
239 246 543152
240 247 543073
241 248 564014
242 249 374420
243 250 624000
244 251 747120
245 252 863620
246 253 145852
247 254 877984
248 255 819884
249 256 476274
250 257 336010
251 258 154933
252 259 920305
253 260 831924
254 261 73613
255 262 523961
256 263 319615
257 264 281988
258 265 857548
259 266 156716
260 267 527145
261 268 601715
262 269 362048
263 270 616236
264 271 2522
265 272 177127
266 273 761150
267 274 344704
268 275 358107
269 276 477742
270 277 979265
271 278 56291
272 279 633078
273 280 579690
274 281 619355
275 282 908091
276 283 141927
277 284 632079
278 285 236482
279 286 610474
280 287 592164
281 288 706060
282 289 296468
283 290 212360
284 291 993798
285 292 759596
286 293 289128
287 294 922422
288 295 393090
289 296 115138
290 297 899328
291 298 600224
292 299 759563
293 300 339393
294 301 728582
295 302 834687
296 303 550080
297 304 844863
298 305 945474
299 306 904661
300 307 952705
301 308 536647
302 309 906653
303 310 340002
304 311 785325
305 312 644172
306 313 35393
307 314 850438
308 315 761020
309 316 630291
310 317 754059
311 318 248098
312 319 961075
313 320 743374
314 321 658976
315 322 973063
316 323 80800
317 324 893600
318 325 804966
319 326 296106
320 327 934271
321 328 916433
322 329 276837
323 330 573035
324 331 359590
325 332 803720
326 333 988049
327 334 270880
328 335 69251
329 336 223324
330 337 894658
331 338 716637
332 339 279071
333 340 726936
334 341 186942
335 342 713129
336 343 422928
337 344 962027
338 345 518660
339 346 568277
340 347 963949
341 348 144908
342 349 496415
343 350 154581
344 351 481641
345 352 704981
346 353 630975
347 354 14498
348 355 738786
349 356 165368
350 357 739261
351 358 973768
352 359 550827
353 360 859853
354 361 439120
355 362 917967
356 363 846616
357 364 461599
358 365 949204
359 366 451603
360 367 522404
361 368 997091
362 369 318167
363 370 510592
364 371 65089
365 372 189824
366 373 686489
367 374 784576
368 375 451630
369 376 726302
370 377 245017
371 378 559553
372 379 125876
373 380 104457
374 381 578418
375 382 813379
376 383 434672
377 384 800021
378 385 954780
379 386 581011
380 387 813770
381 388 476233
382 389 488776
383 390 171722
384 391 49387
385 392 869412
386 393 246820
387 394 59489
388 395 412680
389 396 169864
390 397 828620
391 398 438324
392 399 525373
393 400 436387
394 401 335459
395 402 399490
396 403 556311
397 404 258765
398 405 908267
399 406 239705
400 407 172668
401 408 94558
402 409 70032
403 410 352442
404 411 110826
405 412 152063
406 413 327867
407 414 277424
408 415 658257
409 416 105151
410 417 575525
411 418 655405
412 419 28858
413 420 899076
414 421 225077
415 422 393459
416 423 948732
417 424 442825
418 425 437280
419 426 634560
420 427 420757
421 428 245660
422 429 459161
423 430 385085
424 431 138583
425 432 665201
426 433 811561
427 434 25970
428 435 201462
429 436 835760
430 437 116914
431 438 973389
432 439 744006
433 440 429490
434 441 949587
435 442 557336
436 443 801636
437 444 102520
438 445 243912
439 446 327504
440 447 169777
441 448 589375
442 449 26785
443 450 506203
444 451 297256
445 452 791238
446 453 616218
447 454 759675
448 455 399897
449 456 314848
450 457 934519
451 458 960231
452 459 601562
453 460 459410
454 461 348835
455 462 841969
456 463 820006
457 464 719557
458 465 720731
459 466 896531
460 467 810470
461 468 583908
462 469 912125
463 470 88648
464 471 89125
465 472 331958
466 473 710704
467 474 179186
468 475 683858
469 476 844993
470 477 669651
471 478 195769
472 479 610897
473 480 217759
474 481 981224
475 482 364703
476 483 349635
477 484 369277
478 485 207361
479 486 727570
480 487 293374
481 488 24729
482 489 378401
483 490 120472
484 491 383181
485 492 262903
486 493 218578
487 494 955220
488 495 162722
489 496 724723
490 497 962505
491 498 572379
492 499 671647
493 500 333777
494 501 415268
495 502 727201
496 503 505257
497 504 312729
498 505 619999
499 506 698764
500 507 937138
501 508 978997
502 509 44292
503 510 351836
504 511 672684
505 512 563559
506 513 46083
507 514 439347
508 515 377086
509 516 147848
510 517 447611
511 518 642855
512 519 986477
513 520 486307
514 521 492607
515 522 402022
516 523 675847
517 524 314848
518 525 806093
519 526 186573
520 527 716633
521 528 154513
522 529 350177
523 530 911430
524 531 25785
525 532 979118
526 533 370969
527 534 850463
528 535 636633
529 536 795148
530 537 328864
531 538 977812
532 539 607910
533 540 207036
534 541 582675
535 542 277073
536 543 947424
537 544 484982
538 545 829469
539 546 502435
540 547 752232
541 548 623637
542 549 460655
543 550 960439
544 551 490535
545 552 639376
546 553 686281
547 554 177535
548 555 447253
549 556 818262
550 557 60597
551 558 102856
552 559 799402
553 560 24015
554 561 576442
555 562 103544
556 563 989223
557 564 990419
558 565 512594
559 566 302451
560 567 847425
561 568 329834
562 569 642878
563 570 958954
564 571 301309
565 572 721377
566 573 253884
567 574 234393
568 575 680679
569 576 377094
570 577 536542
571 578 339304
572 579 56842
573 580 446371
574 581 128369
575 582 396564
576 583 554805
577 584 745646
578 585 50554
579 586 886558
580 587 928293
581 588 922419
582 589 448386
583 590 827920
584 591 661704
585 592 303108
586 593 219723
587 594 232454
588 595 195714
589 596 225706
590 597 474396
591 598 718663
592 599 675717
593 600 149819
594 601 178785
595 602 867714
596 603 479729
597 604 111816
598 605 419950
599 606 480078
600 607 267107
601 608 311069
602 609 974441
603 610 967941
604 611 387854
605 612 104914
606 613 636330
607 614 812800
608 615 894490
609 616 146736
610 617 43490
611 618 171790
612 619 682644
613 620 619633
614 621 313509
615 622 779444
616 623 441763
617 624 844912
618 625 759951
619 626 950933
620 627 817581
621 628 212847
622 629 176742
623 630 108302
624 631 246028
625 632 724772
626 633 793030
627 634 760503
628 635 573086
629 636 162710
630 637 12887
631 638 798233
632 639 762098
633 640 641083
634 641 86158
635 642 933513
636 643 940108
637 644 262488
638 645 283360
639 646 413223
640 647 178443
641 648 951998
642 649 450597
643 650 559422
644 651 821624
645 652 11047
646 653 427128
647 654 379488
648 655 340272
649 656 16953
650 657 107718
651 658 59370
652 659 352562
653 660 338852
654 661 328042
655 662 771858
656 663 714392
657 664 298319
658 665 601995
659 666 933351
660 667 475839
661 668 70441
662 669 635209
663 670 713580
664 671 501482
665 672 427141
666 673 753949
667 674 773437
668 675 582689
669 676 787178
670 677 2488
671 678 616200
672 679 919282
673 680 462193
674 681 546880
675 682 648877
676 683 700733
677 684 860260
678 685 63679
679 686 866952
680 687 519407
681 688 542675
682 689 701350
683 690 43349
684 691 911100
685 692 255884
686 693 39467
687 694 159397
688 695 477779
689 696 628538
690 697 30052
691 698 690042
692 699 556559
693 700 501028
694 701 415120
695 702 526089
696 703 437889
697 704 247802
698 705 961688
699 706 724836
700 707 608807
701 708 231567
702 709 459682
703 710 761311
704 711 957128
705 712 211489
706 713 483159
707 714 145413
708 715 10747
709 716 248455
710 717 8811
711 718 437317
712 719 645715
713 720 59053
714 721 607157
715 722 55684
716 723 203364
717 724 28698
718 725 327911
719 726 170959
720 727 226735
721 728 241773
722 729 131512
723 730 712997
724 731 797259
725 732 583074
726 733 263614
727 734 632235
728 735 865708
729 736 374901
730 737 583033
731 738 691564
732 739 214887
733 740 765088
734 741 723598
735 742 276984
736 743 813533
737 744 538342
738 745 322658
739 746 865906
740 747 158264
741 748 715488
742 749 555594
743 750 256030
744 751 758641
745 752 764435
746 753 362259
747 754 374717
748 755 893614
749 756 468275
750 757 361927
751 758 732192
752 759 614393
753 760 635282
754 761 272388
755 762 613291
756 763 131844
757 764 619500
758 765 645564
759 766 188198
760 767 118581
761 768 268081
762 769 439240
763 770 421171
764 771 595289
765 772 530491
766 773 374624
767 774 912657
768 775 800745
769 776 928389
770 777 924749
771 778 676919
772 779 309600
773 780 176121
774 781 629669
775 782 835250
776 783 336132
777 784 899165
778 785 436490
779 786 235177
780 787 861899
781 788 442367
782 789 678297
783 790 714190
784 791 414687
785 792 579309
786 793 75722
787 794 658527
788 795 999239
789 796 362797
790 797 345490
791 798 930316
792 799 658423
793 800 922656
794 801 958332
795 802 430575
796 803 378363
797 804 239338
798 805 576188
799 806 578436
800 807 872523
801 808 946616
802 809 78467
803 810 639419
804 811 945965
805 812 229502
806 813 589010
807 814 789519
808 815 636667
809 816 153001
810 817 507946
811 818 99701
812 819 484879
813 820 604980
814 821 456750
815 822 888131
816 823 274873
817 824 40893
818 825 913402
819 826 497716
820 827 837525
821 828 456878
822 829 68112
823 830 590062
824 831 716838
825 832 527132
826 833 612094
827 834 550316
828 835 843595
829 836 495033
830 837 420841
831 838 640548
832 839 694431
833 840 214289
834 841 117231
835 842 274246
836 843 836272
837 844 322507
838 845 506547
839 846 271581
840 847 66976
841 848 135589
842 849 561943
843 850 408229
844 851 608139
845 852 751475
846 853 389203
847 854 435406
848 855 807886
849 856 649974
850 857 824711
851 858 263281
852 859 893613
853 860 311025
854 861 141946
855 862 430279
856 863 493390
857 864 636324
858 865 688175
859 866 797604
860 867 910628
861 868 861552
862 869 749313
863 870 147281
864 871 448260
865 872 977438
866 873 65074
867 874 702143
868 875 864659
869 876 902500
870 877 984742
871 878 685890
872 879 331151
873 880 610095
874 881 678274
875 882 245392
876 883 395857
877 884 554102
878 885 650412
879 886 818810
880 887 561742
881 888 674588
882 889 711618
883 890 574924
884 891 486897
885 892 563983
886 893 516204
887 894 3969
888 895 810481
889 896 632128
890 897 305696
891 898 295346
892 899 286282
893 900 165157
894 901 235563
895 902 988097
896 903 46237
897 904 560754
898 905 113957
899 906 433705
900 907 78861
901 908 813537
902 909 724549
903 910 436624
904 911 371159
905 912 30153
906 913 178112
907 914 487758
908 915 436566
909 916 159883
910 917 197197
911 918 810488
912 919 20437
913 920 742796
914 921 180325
915 922 540212
916 923 262569
917 924 848882
918 925 484037
919 926 325892
920 927 687913
921 928 237007
922 929 432609
923 930 35358
924 931 641826
925 932 68187
926 933 667962
927 934 803675
928 935 159203
929 936 749788
930 937 125747
931 938 9765
932 939 210976
933 940 141052
934 941 305968
935 942 497497
936 943 982455
937 944 379904
938 945 782171
939 946 463658
940 947 161823
941 948 911195
942 949 830416
943 950 903816
944 952 848708
944 959 992502
944 966 354620
944 973 675289
944 980 143131
944 987 754059
944 994 275372
945 953 863197
945 960 578856
945 967 699156
945 974 238780
945 981 858581
945 988 398215
945 995 720423
946 954 75489
946 961 961867
946 968 232997
946 975 394016
946 982 149382
946 989 938122
946 996 231356
947 955 937950
947 962 434925
947 969 243155
947 976 43083
947 983 379585
947 990 433748
947 997 834418
948 956 914015
948 963 21172
948 970 724664
948 977 92934
948 984 222913
948 991 866007
948 998 660318
949 957 489239
949 964 963790
949 971 984692
949 978 432139
949 985 212399
949 992 437864
949 999 269695
950 951 441786
950 958 836916
950 965 390714
950 972 236038
950 979 332681
950 986 79297
950 993 335012
951 952 953 954 955 956 957 958 959 960 961 962 963 964 965 966 967 968 969 970 971 972 973 974 975 976 977 978 979 980 981 982 983 984 985 986 987 988 989 990 991 992 993 994 995 996 997 998 999
