1000 367
0 728 0
728 560 0
728 412 1
560 185 1
560 446 0
560 375 0
412 837 0
412 777 0
412 878 1
375 473 1
837 161 0
837 267 0
777 646 1
777 713 1
777 224 1
878 988 0
878 254 1
161 364 0
161 406 0
267 248 0
267 661 0
713 671 0
713 822 1
224 358 1
224 5 1
988 59 1
988 564 0
254 444 1
406 613 0
661 631 1
661 807 1
671 587 0
822 171 0
5 381 0
564 433 1
444 173 1
444 12 1
444 948 1
613 618 0
807 189 0
807 525 1
807 784 0
171 272 1
381 442 0
381 627 1
381 861 0
433 712 1
433 967 0
12 806 0
12 873 1
948 190 1
525 455 1
784 46 1
784 322 1
784 67 0
442 268 0
627 263 1
627 594 0
861 853 1
861 49 1
873 176 1
190 812 0
190 160 1
190 624 1
67 565 1
263 581 1
263 385 1
594 918 1
49 572 1
176 53 1
176 65 0
160 210 1
624 31 1
624 234 0
565 575 0
565 666 1
581 209 0
385 63 0
385 74 1
572 463 1
572 977 0
53 682 0
65 770 0
210 186 0
210 265 0
234 42 0
666 60 1
209 526 0
74 305 1
977 779 1
977 793 1
682 465 0
265 598 0
42 404 0
305 696 0
779 740 0
793 294 1
465 315 0
598 866 0
404 601 1
740 570 1
866 11 1
866 687 1
601 420 0
420 118 1
420 732 0
118 39 1
118 292 0
732 141 1
39 622 1
292 547 0
141 897 1
622 617 0
622 714 1
547 616 1
547 816 0
897 443 0
816 94 0
443 448 0
443 125 1
94 781 1
448 949 0
125 914 0
781 77 0
781 764 0
949 278 0
914 722 1
278 557 1
278 566 1
278 707 0
722 480 1
722 972 0
557 608 1
566 957 0
707 180 0
480 698 0
972 842 0
972 352 1
972 119 1
608 788 0
957 872 0
957 903 1
957 582 1
180 595 1
180 104 0
180 750 0
352 367 1
352 922 0
352 634 1
119 410 0
119 953 1
119 724 0
788 533 1
872 150 0
903 217 1
903 656 1
582 181 1
104 745 1
104 803 1
750 194 1
367 609 1
367 369 0
367 984 0
922 197 0
922 989 1
634 48 1
634 786 0
953 496 1
953 800 1
953 139 1
724 907 1
724 747 0
150 746 0
181 539 0
181 78 1
194 492 0
609 409 1
609 664 1
369 651 0
197 951 0
989 101 1
989 345 1
48 312 0
786 506 1
496 10 1
496 18 0
800 947 1
139 398 1
139 917 0
139 703 1
139 546 1
907 507 1
907 58 0
907 802 0
747 243 1
746 96 0
539 269 0
78 921 0
492 823 1
492 945 0
492 498 1
492 561 1
651 801 1
951 2 0
951 597 1
951 773 0
101 848 1
345 711 1
345 756 1
312 20 1
312 255 0
506 15 0
506 332 1
506 997 1
18 146 1
947 468 0
947 509 0
703 136 1
546 413 0
546 350 0
546 927 1
58 227 1
58 669 0
802 285 1
802 389 1
802 220 1
243 739 0
243 979 0
243 592 1
269 834 0
945 913 0
945 785 1
498 437 1
498 551 1
561 481 1
561 976 1
561 944 0
2 505 0
756 464 0
509 831 1
136 54 0
136 941 0
413 86 0
350 860 1
927 159 0
227 636 1
220 30 1
220 144 0
979 337 1
979 769 1
979 923 1
592 737 0
834 386 0
913 694 0
913 908 0
785 477 1
437 3 1
437 534 0
551 72 0
551 83 0
551 876 1
481 920 0
976 365 0
976 733 0
976 958 1
976 993 0
944 273 1
505 149 1
505 400 1
464 568 1
464 606 0
464 32 1
54 738 0
159 486 0
636 309 1
30 351 1
144 900 0
144 940 1
144 436 1
769 21 1
923 865 0
737 346 1
737 523 0
694 638 0
477 47 0
876 111 1
876 131 1
876 611 1
920 719 1
733 221 0
273 854 0
32 318 1
486 92 0
940 411 0
436 44 1
436 930 1
21 37 0
346 102 0
346 417 1
346 835 0
523 281 0
638 239 1
47 360 0
47 374 0
131 418 1
611 790 1
854 55 1
318 353 0
92 238 0
92 64 1
92 961 1
411 460 1
930 36 1
835 191 1
835 327 1
835 649 1
281 95 0
281 583 1
360 955 1
374 165 1
790 512 0
790 555 1
790 228 1
55 277 0
55 28 0
353 391 1
353 335 1
238 782 1
64 336 0
64 26 0
64 702 1
64 886 1
961 849 1
36 284 1
36 986 1
649 169 0
583 57 1
165 742 0
165 293 1
165 975 1
555 589 0
228 731 0
277 817 1
28 479 0
28 814 1
335 384 0
26 458 0
986 931 1
57 324 0
57 632 1
57 688 1
742 174 1
293 966 0
975 858 1
589 754 1
731 380 0
731 100 0
731 205 0
817 383 0
817 491 1
814 348 1
814 674 1
814 717 0
384 134 1
384 270 0
931 123 0
931 662 0
324 466 1
324 157 1
632 298 1
688 895 0
100 323 0
205 642 0
205 604 1
205 980 1
383 329 1
348 610 1
348 798 1
674 889 1
717 177 0
717 959 0
717 771 0
134 451 0
270 736 0
270 962 1
662 163 1
662 932 0
157 721 1
298 759 1
298 942 1
298 844 0
895 85 0
895 435 1
895 117 0
895 553 1
323 894 0
642 648 0
604 775 1
604 223 1
610 461 0
610 599 0
610 148 0
798 373 0
889 956 1
889 518 0
889 620 1
177 928 1
959 24 0
959 198 1
959 17 1
959 992 1
771 34 1
771 399 0
771 522 1
736 354 1
962 846 1
962 578 0
932 129 0
759 500 0
942 80 1
844 954 1
85 379 1
117 445 1
117 91 1
553 447 0
553 301 1
894 576 1
775 51 1
223 791 1
461 275 0
599 493 0
599 614 0
599 723 1
148 153 0
373 899 0
956 216 0
956 319 0
956 645 1
518 138 0
620 538 1
620 204 1
928 585 0
24 416 0
24 282 1
198 700 1
198 749 1
198 805 1
198 667 1
17 658 1
34 257 0
399 851 0
522 730 1
578 743 1
578 340 1
129 580 1
500 68 1
91 725 0
447 388 1
301 726 1
301 720 0
301 302 0
493 258 1
614 363 0
153 695 0
899 934 1
899 110 1
319 242 1
645 615 0
645 672 0
138 231 0
138 603 0
538 250 1
538 602 1
538 970 0
204 405 0
204 162 1
282 287 0
805 776 0
667 859 0
658 510 1
658 495 0
257 457 1
851 325 1
730 830 0
340 166 1
725 893 1
726 857 0
720 103 1
302 549 1
302 106 1
363 342 0
695 114 1
695 863 0
110 867 0
110 778 0
110 985 1
242 524 1
672 276 1
231 241 1
231 663 0
603 974 0
405 40 0
405 652 1
405 981 1
162 38 1
162 935 0
287 815 0
776 208 0
510 403 0
495 887 1
325 429 1
325 881 0
830 303 1
166 691 0
857 201 1
103 232 0
103 122 1
549 519 0
106 89 1
106 946 0
106 196 0
342 338 1
778 421 0
778 320 0
276 885 1
652 245 1
38 567 0
935 467 0
815 107 0
208 475 0
208 697 0
403 432 1
303 727 1
691 66 0
691 563 1
691 810 0
691 820 1
691 964 0
691 501 1
201 222 1
201 449 0
122 76 0
122 236 1
946 996 0
196 699 1
196 856 1
196 109 0
196 877 1
320 906 0
567 619 1
467 709 1
467 836 1
727 994 1
563 200 1
563 625 0
810 168 1
810 310 0
810 504 1
810 476 0
501 660 1
76 472 1
236 607 0
236 43 0
996 362 1
699 541 0
109 514 1
877 829 0
877 987 1
709 428 1
836 219 1
310 27 0
476 115 1
660 741 0
660 875 0
660 291 1
472 761 0
472 864 0
607 794 0
43 16 0
43 283 1
43 344 1
541 120 1
541 395 1
514 763 1
829 668 0
987 207 1
987 152 0
428 424 1
219 880 1
219 933 0
219 680 0
27 105 1
115 818 0
875 862 0
291 969 0
794 783 1
16 240 1
283 647 1
344 82 1
395 357 1
395 452 0
763 61 0
763 640 0
668 9 1
207 965 0
207 326 1
152 253 0
152 178 0
152 151 0
880 215 0
880 372 0
933 56 1
680 382 1
818 708 1
862 112 1
862 233 1
862 90 1
862 905 0
240 87 1
647 127 0
82 590 1
640 488 0
640 841 0
640 998 0
965 70 0
326 787 0
253 483 0
178 321 0
178 995 1
151 971 1
382 487 0
382 154 1
382 937 0
382 261 1
708 23 0
708 440 0
233 192 1
90 673 0
127 679 1
127 729 0
590 753 0
488 482 0
841 179 0
998 780 0
70 544 0
70 684 0
70 892 1
787 478 1
787 879 1
787 408 1
483 423 0
483 605 1
483 952 0
321 330 0
995 502 0
971 543 0
971 891 1
487 693 0
154 751 1
261 710 1
261 990 1
440 706 1
673 629 0
753 734 1
753 870 0
482 29 1
482 116 1
179 960 0
892 214 1
478 147 1
478 195 1
879 422 1
879 158 0
408 643 0
408 370 0
408 637 1
502 401 1
543 655 1
543 641 1
891 809 1
891 774 1
693 508 1
693 654 0
751 155 0
710 811 1
990 973 1
706 393 1
706 490 1
629 316 1
629 470 1
629 644 0
629 311 0
629 744 1
734 497 0
422 97 0
422 735 0
158 126 1
158 280 1
643 135 0
370 795 0
370 226 0
637 244 1
401 453 1
401 689 1
401 833 0
641 142 0
774 983 1
774 140 0
508 98 1
508 415 1
654 121 1
811 33 1
393 237 1
316 290 0
644 259 0
644 225 1
644 84 0
311 832 0
311 869 0
744 757 1
497 133 1
497 839 0
97 356 1
735 22 1
126 593 0
280 628 1
280 681 0
135 474 1
795 52 1
226 212 1
244 183 0
244 516 0
244 4 1
142 376 1
983 124 0
983 229 1
983 850 0
140 915 0
140 355 1
33 113 1
237 193 1
290 211 1
290 295 0
225 450 1
84 297 1
869 1 1
757 902 1
133 716 1
839 596 1
681 266 0
52 260 0
212 426 1
516 203 0
4 69 0
4 454 1
376 213 0
376 898 1
124 532 1
229 75 1
850 45 0
850 690 1
355 132 0
355 943 0
355 767 1
297 542 0
716 670 1
596 218 0
266 425 0
266 768 1
260 402 0
426 901 1
203 545 0
454 675 1
213 752 1
75 910 1
690 378 0
767 683 1
542 623 0
542 825 1
218 489 0
768 137 1
768 528 1
402 286 0
545 677 0
675 296 0
675 469 1
675 797 1
752 821 1
910 840 1
910 926 1
378 6 0
683 789 1
683 999 0
825 81 1
489 540 0
489 182 0
528 130 1
528 766 1
797 630 0
797 796 0
821 755 0
926 847 1
6 145 1
6 883 0
81 686 0
182 256 0
130 279 0
130 515 1
630 494 0
630 390 0
796 936 1
796 313 1
755 202 0
145 314 0
883 665 1
883 427 0
256 392 0
515 359 1
515 529 0
390 536 0
390 882 1
313 579 1
313 890 1
313 855 1
314 692 1
427 845 1
427 25 1
392 79 0
392 184 0
359 513 0
536 394 1
882 556 1
882 73 1
579 41 0
890 19 0
890 93 0
855 978 0
692 520 0
845 439 0
25 317 1
184 8 1
394 657 0
73 341 1
978 247 1
520 772 0
439 188 1
317 331 0
8 368 0
341 571 1
247 128 1
247 246 1
247 252 0
188 569 0
331 7 0
331 991 1
368 704 0
246 396 0
252 925 0
991 824 1
991 527 0
396 586 1
925 164 0
925 685 1
527 843 0
586 499 1
685 792 1
843 819 1
843 441 0
499 591 0
499 349 0
792 838 1
792 804 1
441 304 0
441 939 0
591 35 1
349 251 0
349 584 0
838 187 1
804 271 1
804 71 1
304 827 1
939 172 1
584 765 1
187 963 1
271 288 1
71 813 1
71 871 0
71 535 1
71 387 0
172 249 1
963 371 0
813 718 0
871 262 0
535 938 0
387 430 1
387 874 1
387 968 1
387 868 1
718 559 1
262 170 1
938 62 0
938 748 1
938 143 1
430 300 1
868 471 1
868 715 1
868 924 1
170 99 0
170 888 1
62 459 0
62 414 1
143 929 0
300 50 0
300 828 1
471 108 0
715 537 0
715 306 1
924 334 0
924 911 1
924 653 1
459 678 0
414 347 1
414 299 1
414 289 0
50 274 0
828 235 0
537 558 0
306 264 0
306 333 1
306 904 0
334 626 0
911 588 0
653 799 1
653 705 0
299 419 0
299 612 1
289 701 1
558 438 1
264 552 0
333 167 0
333 760 0
799 762 0
799 919 0
705 339 1
612 562 1
612 574 1
167 517 0
760 659 0
762 852 0
339 530 0
562 503 1
517 600 0
659 230 1
852 13 1
530 206 0
530 484 1
530 758 1
503 88 0
230 521 1
230 808 0
484 462 1
758 199 0
758 916 1
808 621 1
199 531 0
916 577 1
621 397 0
577 676 1
577 554 0
397 307 0
397 826 1
554 909 1
554 14 1
826 156 1
826 431 1
909 550 0
909 633 0
909 950 1
14 912 0
14 366 1
950 407 1
366 434 1
434 308 0
308 896 0
896 328 1
328 377 1
328 884 0
884 511 1
511 639 1
511 343 0
511 982 1
343 573 0
343 635 0
573 456 0
635 175 1
635 650 1
175 548 0
548 485 0
485 361 0
686 738 937 259 783 364 893 617 888 245 202 128 556 68 984 676 827 670 656 155 416 992 102 552 388 251 985 95 646 588 801 698 105 615 274 824 789 587 446 917 295 770 35 999 121 338 936 874 216 569 380 193 20 206 772 93 540 677 327 222 809 908 400 711 469 571 241 901 626 919 163 806 356 929 457 729 943 235 912 664 432 79 761 107 900 249 407 275 625 377 11 479 521 111 44 529 114 782 87 898 156 214 741 61 665 616 570 174 491 559 63 83 347 519 780 605 98 494 449 633 618 994 419 904 982 655 606 22 296 3 803 997 597 941 445 905 532 689 721 9 309 232 294 887 191 417 700 513 749 819 657 544 967 386 41 215 272 456 697 934 250 619 702 46 31 410 336 870 973 531 40 99 490 108 60 812 463 526 13 149 112 286 964 639 96 968 723 466 952 185 391 365 468 379 958 580 840 460 147 186 823 524 860 585 856 453 116 398 120 764 954 701 51 820 435 239 886 754 568 679 864 915 59 371 409 575 853 960 533 268 714 452 663 113 358 137 431 458 842 631 687 470 211 69 425 330 745 712 307 832 848 574 885 602 865 847 849 418 19 678 248 966 719 10 669 1 684 970 576 748 357 221 72 955 372 696 23 974 902 7 415 743 315 969 77 906 451 29 833 164 421 473 550 739 981 462 628 322 993 648 980 867 146 15 37 859 169 600 284 132 195 173 189 362 123 332 56 507 534 623 475 791 858 258 288 593 765 192 504 846 455 351 424 217 863 329 80 200 512 918 921 438 831 881 595 183 168 423 389 45 88 86 279 704 429 255 89 450 361 285 650 766 66 337 773 354 474
