1000 353
0 967 218578
0 9 433990
9 237 607391
237 614 190366
614 430 905616
614 257 510617
257 806 571657
806 565 25275
806 305 60605
806 847 946732
305 244 226021
305 25 918243
847 959 707355
25 552 779245
959 48 418044
959 588 249366
959 892 529866
959 351 797085
959 476 774285
552 521 895772
552 939 234521
892 332 742112
351 709 942644
476 643 254699
476 783 86109
332 350 515683
709 969 3360
643 260 502336
783 729 729757
783 971 129626
260 778 345766
260 994 331909
260 288 559910
729 154 727390
729 826 747629
971 482 967772
288 21 892004
154 149 999542
826 488 365952
826 590 549746
482 763 491011
482 54 917127
21 101 365081
21 348 778650
21 30 506513
488 789 606482
590 73 104310
590 341 684596
763 344 536294
54 703 818232
54 708 221843
54 147 741438
54 359 549381
101 99 529445
101 268 802521
101 828 606029
348 539 528302
30 996 499725
341 58 941471
344 509 52504
344 329 900321
344 202 311000
344 130 723205
344 481 110299
708 369 678347
147 514 132151
359 381 836449
359 719 337114
539 957 33710
996 68 920718
996 510 582474
58 191 93470
509 473 815144
329 343 239412
202 807 465000
130 889 274670
481 400 988191
369 321 370787
514 626 269912
514 983 98169
381 641 635948
719 617 416144
719 496 61603
719 528 853212
719 727 829984
957 731 550585
510 933 145304
510 326 415163
191 414 445093
473 536 858512
473 559 798628
343 750 878690
807 232 952426
889 849 955617
400 893 91650
983 336 695334
496 602 398084
528 868 756331
727 790 218224
727 962 2719
933 605 355758
326 419 135262
326 818 881532
414 905 154845
559 52 358449
750 208 44316
849 156 365402
849 382 946462
849 385 404798
893 355 970246
336 229 734897
336 215 525048
602 408 638606
868 174 849130
868 239 572535
962 19 941715
962 651 481746
419 843 241611
818 320 558537
905 501 388573
208 583 54877
355 127 234487
355 325 702667
229 306 183636
229 977 675854
229 534 667724
215 612 210587
408 805 747175
174 444 362347
174 544 563171
239 139 468458
651 902 355658
651 163 85598
320 663 343322
320 766 565739
501 570 343786
501 767 386262
127 264 672089
127 639 766895
325 624 209689
325 88 445087
325 219 431883
977 66 851716
977 363 934553
534 178 913072
612 526 490216
612 360 406268
612 760 688697
612 664 27298
805 214 317673
444 827 133291
444 841 502259
544 103 811958
139 668 539358
163 646 218480
663 759 287234
663 170 194616
766 877 148036
766 436 418796
767 458 119442
264 503 121494
639 151 830284
88 273 244191
219 518 171822
178 716 317077
178 67 54309
526 547 940137
360 252 613963
360 331 478014
360 693 62687
760 173 566867
664 323 229250
664 943 5582
214 459 641606
214 644 459798
214 975 810078
103 90 200955
103 988 156517
668 674 474643
646 225 924586
646 285 713134
759 979 923143
170 804 135984
170 714 693159
877 749 430031
436 699 125077
436 916 630750
436 954 489249
503 187 37751
151 432 95735
273 627 637364
518 108 884008
67 425 915266
252 89 172239
331 601 147621
693 327 545085
173 17 933255
323 477 890699
943 649 850174
943 953 909387
644 41 817660
988 423 600241
674 317 518234
674 875 976260
674 947 821059
285 162 424353
285 3 551911
979 456 78200
714 304 123269
714 598 343244
699 198 734423
954 772 735307
954 659 781658
627 443 406295
108 525 658912
108 951 963612
425 380 375934
89 254 707598
89 769 306631
601 166 474264
601 836 143739
327 794 720982
327 929 357928
17 938 267554
477 982 653826
649 195 531046
953 942 793848
953 851 321223
41 524 805921
423 371 719588
423 56 36241
875 787 7033
875 405 177526
947 888 210273
947 507 617313
3 819 862694
456 63 981188
456 562 711672
304 676 705085
598 628 118994
772 681 689103
772 22 652905
659 296 345350
659 958 692621
659 741 895196
380 209 512335
836 335 320182
836 830 765454
929 406 595239
929 660 824178
929 861 175077
938 557 963490
938 744 844208
938 840 242480
982 930 201914
195 300 186709
942 914 521732
942 964 659199
851 504 760537
371 124 500918
56 586 886076
787 168 826842
405 885 967401
507 776 235512
819 210 619079
819 581 314151
676 865 753918
628 70 981609
628 397 842121
628 512 243393
628 49 815269
22 745 418077
296 55 483063
741 24 206945
209 572 771525
209 985 467020
830 218 850212
406 561 348550
744 820 499783
840 822 373495
840 356 914696
930 606 974319
300 258 210255
300 948 220491
914 376 301695
504 340 326247
504 934 358357
586 566 773233
885 867 24262
776 33 204265
776 774 189356
581 132 627900
581 999 495921
865 700 931344
70 125 483182
397 548 869502
512 592 765520
512 653 877067
512 710 379434
512 697 319627
49 155 353228
49 761 900120
55 141 974734
24 621 482789
24 844 653448
985 474 63691
218 183 310864
356 705 39937
606 811 113783
606 175 544666
606 280 371133
258 289 429607
948 11 673130
934 220 938544
934 494 394180
934 802 4390
566 743 390683
867 393 500203
33 513 477937
33 932 255291
774 823 826959
774 402 848670
132 762 123364
999 448 61797
700 739 2471
700 80 829131
700 184 67193
548 95 180754
592 197 33511
653 390 829004
710 26 465544
710 227 705459
697 126 177332
761 611 944285
761 193 778939
761 984 188159
844 440 471426
844 165 582506
474 64 710113
705 180 55750
705 775 183644
175 824 965010
280 169 880564
280 441 425541
280 206 786721
289 784 774115
11 391 467663
802 410 436080
802 160 779403
743 846 855
393 732 541659
932 926 571212
402 142 313481
448 585 135508
80 404 996928
184 609 935788
184 74 980007
227 378 138080
126 792 57952
193 449 196387
193 603 558014
193 671 775292
984 915 855657
165 368 449088
64 517 728956
180 796 665387
775 878 636184
169 134 532412
441 492 266816
206 483 534428
391 467 237782
160 556 3991
846 707 142392
732 374 102579
142 580 434404
142 500 736766
404 207 997735
404 890 304973
74 974 436858
792 908 603432
792 502 953213
671 961 155712
368 724 324547
368 44 500071
517 122 129762
517 413 229747
517 713 232930
517 256 496294
796 179 800322
796 839 143374
878 678 105183
492 571 445158
492 704 832742
483 608 311778
483 925 556659
467 388 696041
467 396 664955
556 989 618926
707 499 143707
374 945 656598
580 189 900344
580 310 165924
500 623 426224
500 800 45528
207 270 270208
974 854 302826
908 773 253248
502 537 236616
961 679 300826
44 181 455478
122 876 378233
413 78 68860
713 970 776428
256 37 689184
256 632 507269
179 152 812077
839 18 534468
678 952 187672
704 613 404688
925 567 681177
396 349 936440
396 765 638210
499 771 846094
945 696 827023
310 505 100295
310 460 305613
623 487 560627
800 461 971627
270 666 295497
773 34 295262
773 752 654206
537 138 122008
537 978 585642
181 554 578229
876 72 447359
876 873 319206
78 250 854201
632 282 134207
632 79 491932
18 904 945711
952 266 788792
613 812 692426
765 597 287411
460 553 38216
487 636 601915
461 817 388785
461 928 249720
461 172 659145
138 578 903181
554 991 498836
72 158 114373
873 730 244004
250 540 114204
250 884 465270
250 133 623002
282 346 723806
282 470 107737
79 573 537715
79 972 823753
904 434 589504
266 897 99679
266 900 371036
597 47 562210
597 433 457130
597 596 272270
553 39 996942
636 576 198813
817 428 413150
928 372 907088
928 353 959819
172 816 548332
172 386 131358
578 695 412754
578 894 549487
578 469 690895
158 339 158059
133 157 4361
470 358 376543
573 543 803418
573 574 991830
573 409 864350
972 799 716673
972 921 783732
897 171 342394
900 224 821614
900 848 224447
433 217 78614
433 248 240054
596 75 311854
596 852 276137
596 874 36378
39 980 930448
576 785 710363
428 87 922025
372 814 712526
353 786 976984
353 247 773769
816 692 251847
386 426 890966
386 735 940373
386 770 543227
695 637 183216
894 212 273821
469 383 574257
157 243 84158
157 855 559857
157 563 12846
574 31 126168
574 522 456491
574 535 252310
574 489 209185
409 781 490472
921 71 695604
921 531 161630
921 312 44854
921 809 474053
921 77 942464
921 941 411346
224 221 127278
224 418 64284
75 333 834738
980 422 201112
980 694 956751
980 230 989126
785 352 233078
785 870 658064
814 869 580967
247 23 548642
247 447 873311
247 196 567755
692 917 681896
692 754 589473
735 435 933272
770 150 889986
770 411 426503
770 324 902201
637 279 390352
212 164 651350
212 159 613732
383 60 776277
383 104 886012
383 579 873813
243 205 481187
855 416 215420
855 872 568839
563 116 192605
31 466 783570
489 842 205099
781 619 342164
312 673 656965
77 32 823928
77 782 665408
941 28 182210
221 375 694891
418 13 202495
418 429 679792
422 412 326489
422 287 19962
694 119 216015
694 845 370250
230 194 251345
352 450 594340
870 69 528479
447 364 488568
196 831 341609
196 607 908913
917 886 479690
917 415 916959
754 94 704794
754 102 727025
435 267 606935
324 533 207185
324 825 581421
279 721 168681
164 455 294560
159 8 66567
159 834 119871
579 16 176194
872 457 745752
116 879 367923
116 568 742346
842 832 915446
619 42 164080
782 859 712050
28 98 40628
28 472 883663
28 680 633972
13 261 914462
287 330 661467
287 439 186801
287 594 843018
119 228 887443
119 297 901802
194 631 709671
69 85 725623
831 546 377567
607 83 306391
415 307 885565
94 143 965710
94 361 222691
94 367 344112
94 27 703026
102 161 325387
102 993 824029
267 471 657631
267 881 794638
267 278 521949
533 299 869781
825 582 306290
825 498 395870
16 912 7885
879 238 135927
568 919 247559
832 50 610045
832 135 40236
832 780 382144
42 148 693011
98 491 607416
472 281 569568
472 111 540659
680 726 612419
680 936 58206
330 145 451630
631 516 599115
85 188 781259
83 93 273271
307 398 73578
367 201 929178
27 370 321132
993 431 137823
993 935 230590
881 110 655721
278 59 200477
278 899 704266
582 891 913821
498 354 920414
912 529 273864
919 342 780172
780 105 483438
148 35 532959
148 555 73874
148 858 15563
281 109 699006
111 753 693344
726 231 250247
936 569 81002
516 399 669165
516 931 783167
93 887 232119
398 956 263497
201 204 131248
431 480 592338
110 960 15929
899 97 757215
354 81 298771
354 779 9427
354 265 462785
529 38 814362
342 51 774052
105 146 282972
105 815 362692
858 593 307748
753 271 72828
753 262 731714
231 497 811420
231 604 727120
231 901 434061
399 677 32558
887 249 946872
887 475 763623
956 403 265875
480 384 812702
97 542 723145
779 742 727322
779 437 843470
265 394 717404
265 545 890888
265 850 638733
265 377 164269
51 5 467233
271 309 797024
262 577 146511
262 810 863896
901 245 956480
475 276 680724
403 62 738883
403 690 433985
403 519 20278
384 322 200417
542 84 273634
742 314 270272
437 965 93424
850 136 365320
377 995 464097
276 736 533135
62 177 434869
690 640 477512
690 373 769654
519 20 460387
322 86 778490
84 672 870054
136 920 547207
995 511 661072
995 712 671978
736 118 204691
373 424 460554
20 532 922305
672 242 747286
672 629 938113
511 61 562250
712 725 505893
712 949 499833
118 235 985671
424 123 568610
424 793 873493
532 798 999836
242 454 365191
629 76 290639
629 318 642999
61 738 249216
61 495 85469
725 226 866600
949 860 285652
235 442 566609
454 366 429571
76 463 640726
76 493 628177
76 797 603398
318 584 160337
495 176 817157
495 190 814186
495 856 886659
495 2 250450
226 610 284843
860 768 752289
860 955 99009
860 595 892702
442 395 728257
366 452 875437
493 236 578485
797 687 569246
584 549 182159
584 29 869202
190 484 319375
856 462 844528
856 451 2001
2 981 165309
955 345 517394
595 618 620232
595 837 703797
595 686 306453
395 290 896261
395 642 266664
395 927 664365
687 96 701396
549 240 259682
549 40 319809
29 922 183085
451 656 39243
981 100 500313
981 801 815780
618 616 577095
837 182 949587
837 633 248744
837 564 425863
686 315 812764
686 857 462289
686 976 526880
290 728 494687
642 301 49398
240 657 811734
40 91 889547
922 192 17451
922 654 228514
922 791 634882
801 294 511875
801 924 16321
633 620 125430
564 864 785540
315 485 990928
315 131 442296
857 144 580739
857 129 629591
857 833 579127
976 269 780279
976 65 934523
728 645 274595
301 275 595680
301 551 320928
657 53 445798
91 740 352666
791 113 689432
791 968 373834
294 871 361446
924 746 383122
864 600 943362
485 685 809830
131 910 523851
129 234 266971
129 717 610182
129 788 650232
833 200 225271
833 292 162096
833 630 904574
269 106 535873
269 706 440474
269 295 240893
65 662 57467
65 365 409351
645 764 629818
275 882 199202
551 550 58652
740 241 129072
968 446 863740
871 587 98488
871 311 208860
746 222 479290
746 734 754941
746 862 135745
746 115 740455
685 7 47653
234 186 70969
234 661 300314
788 715 930991
292 835 154055
630 992 946837
706 199 266215
295 896 660715
662 293 831074
365 1 923928
365 417 28344
764 291 48009
882 313 275025
882 520 637716
550 445 573775
550 259 556202
241 963 528102
311 12 227699
311 913 389100
115 486 646929
115 883 946433
715 57 433202
715 670 483697
715 758 234376
199 82 698905
293 263 145737
293 303 110350
1 866 476452
1 691 182086
1 334 645236
417 117 771215
417 523 669068
445 682 402497
259 821 138861
913 622 895551
913 140 61660
883 389 88262
883 137 634830
57 14 766755
57 698 464805
670 338 735128
670 702 918858
758 838 318713
82 223 271016
691 903 92589
334 863 883739
523 911 28967
682 401 843072
682 808 732912
821 316 593534
140 907 648259
137 274 701254
137 538 68797
137 10 211210
14 669 155455
702 683 977972
223 515 654122
903 216 792472
903 490 722033
863 246 582185
863 909 23862
863 923 261417
863 689 472435
911 438 806648
911 853 539899
316 918 776349
538 308 599303
10 997 989785
683 541 695377
216 203 708811
490 43 97041
689 966 847515
438 813 531729
853 688 707522
541 747 701875
813 647 675899
813 898 386397
688 751 386729
688 468 628131
898 233 330110
751 655 572928
468 711 197834
468 558 250684
233 213 225573
233 667 517053
233 987 277652
655 277 789336
558 479 144472
558 527 374715
558 589 90980
213 286 241592
213 722 112047
213 153 642003
667 880 368655
987 508 551371
987 990 782136
277 599 79175
277 723 741683
479 937 742657
479 973 779763
527 420 454091
589 407 424689
286 302 626118
286 465 197600
153 337 818048
153 427 922843
880 347 783286
880 757 414168
508 379 730780
508 665 48455
990 720 142779
599 560 854478
723 15 314458
937 36 543809
937 950 657020
420 906 613433
407 998 284405
337 251 692398
337 319 741996
427 530 86857
757 940 456453
665 748 929619
720 756 207273
560 421 90132
36 120 502943
950 478 114961
906 357 45478
906 328 725172
530 284 843092
530 185 480265
120 114 311611
478 944 176975
328 272 748780
328 986 660024
185 107 966895
185 648 754987
185 701 333323
944 92 15128
272 803 740920
986 652 732616
986 684 530346
107 635 10774
107 638 264998
701 625 804640
92 387 957511
92 795 733219
803 733 691300
635 46 987812
635 591 248067
635 634 158852
625 755 180252
625 777 156905
733 6 276999
634 506 404843
777 575 84964
777 658 335099
6 121 612206
6 464 381713
6 650 902798
6 946 675848
658 362 168379
658 453 441986
650 128 79223
946 253 759508
128 112 576803
128 45 506329
128 392 547866
128 4 584665
112 283 16618
45 167 30945
392 718 73293
4 615 878544
4 675 309780
4 829 378282
4 211 244052
167 298 891524
211 255 38203
255 737 19039
255 895 553556
299 104 192 95 748 471 654 555 902 827 225 143 656 835 358 149 228 965 412 794 155 134 567 253 162 808 357 236 547 854 820 347 615 711 546 828 32 123 696 622 90 666 799 931 593 652 967 730 114 268 38 457 284 63 23 171 624 684 317 978 638 210 452 935 152 283 429 197 254 5 100 910 845 536 321 745 491 824 647 811 248 99 591 497 15 249 718 992 117 308 970 793 660 600 543 446 385 717 749 8 540 364 339 762 747 388 734 771 640 449 52 333 59 362 778 829 594 722 35 804 994 969 569 790 795 575 884 379 389 390 891 822 246 298 443 432 145 313 187 951 96 291 521 222 866 46 204 363 306 524 466 439 869 309 991 789 303 585 340 698 244 975 459 673 382 47 7 188 48 261 168 886 198 106 217 809 430 37 361 862 81 161 350 963 852 966 535 416 124 679 611 464 587 515 183 861 603 570 387 220 888 375 440 450 786 34 923 724 562 302 43 146 26 545 752 677 577 571 997 958 349 927 434 186 121 739 920 376 588 859 410 453 565 205 681 401 505 737 156 998 810 605 141 494 71 641 756 843 915 144 896 484 150 345 973 731 53 895 890 232 834 531 166 68 648 522 378 465 12 319 675 189 848 421 617 823 940 338 426 583 716 939 989 506 609 66 621 50 738 346 203 557 626 604 572 394 19 245 411 87 798 703 274 964 73 755 769 784 721 812 463 620 200 918 907 909 135 86 177 661 669 608 610 815 125 109 335 462 525 960 768 60 838 455 238 263 916 561 513 251 874 841 616 314 113 182 520 297 486 370 176 926 458
