1000 1
0 5 820115
0 150 557413
150 253 593894
150 987 569856
253 631 546640
987 833 553391
987 175 795248
175 182 748647
175 802 755945
182 679 115359
802 830 66338
802 547 641738
802 894 312794
679 311 651255
679 836 547800
830 549 484189
547 192 802881
894 149 961429
894 340 515280
894 63 229258
311 433 190030
311 528 914206
836 865 167441
836 727 249140
549 526 608878
192 518 563953
192 91 295237
149 95 597274
149 394 503089
340 933 524004
63 274 607269
63 321 851388
528 604 434403
727 646 495605
727 225 504015
727 2 518063
727 315 13957
526 139 380249
518 362 150382
91 392 617312
95 205 487792
394 275 933588
933 388 734959
274 531 943450
321 87 638981
604 669 558330
225 172 157697
225 816 857328
2 381 578407
315 662 235413
362 811 549670
392 472 287519
392 637 814864
275 300 19391
275 485 555808
388 372 52964
531 255 296880
531 196 393626
87 102 210765
669 280 863015
669 706 581781
816 568 193373
381 571 360829
381 982 619819
381 431 763806
662 458 481324
662 971 335397
811 671 426240
637 623 905586
637 764 225871
637 977 301424
637 790 26480
300 323 549758
372 298 600883
255 722 807772
196 630 586193
196 481 118970
102 698 823739
102 330 649151
571 905 488490
431 593 220728
431 990 771538
971 40 966592
623 79 114295
764 826 866207
764 664 649972
790 476 208105
790 783 918100
722 860 317079
481 572 249474
481 969 103703
698 841 221803
330 692 475698
330 650 129111
905 542 82247
593 454 38216
593 638 655270
40 263 548037
40 276 393535
40 193 699164
664 922 397337
783 654 152407
783 678 113843
650 367 132143
542 869 681167
454 515 959910
638 525 289486
276 201 187243
276 794 920698
193 477 970118
922 22 141583
654 931 295223
678 903 623699
367 857 332653
869 916 723991
201 712 808176
477 809 250805
22 863 607736
22 7 19438
931 135 17370
931 739 976418
903 6 502263
903 363 589282
857 260 96167
712 153 717826
809 207 324858
809 171 195862
863 880 471547
7 788 938395
135 15 291532
135 257 752640
6 69 734828
363 535 631504
363 851 131916
260 178 735324
153 120 141625
153 320 95918
207 747 421484
171 218 402350
171 843 632888
171 992 93963
880 434 92236
788 54 87101
788 926 48408
257 674 63730
69 707 237991
535 605 819279
851 418 951397
851 386 104959
178 351 292431
178 67 641495
320 252 632610
843 445 402842
843 598 797037
843 872 552330
54 378 413551
54 711 419881
926 57 904178
926 346 905802
926 537 638036
707 33 631761
605 156 294134
605 353 835500
386 577 613914
386 465 660262
351 88 42350
351 145 817632
67 573 656732
67 694 124731
598 152 908883
872 479 13502
378 355 186338
537 279 242387
537 415 495845
537 641 949174
537 560 538119
33 745 313263
353 556 854057
353 177 345024
577 635 168278
577 898 182665
577 85 130667
465 4 116409
465 464 166406
694 657 907365
152 483 932079
479 666 580461
479 75 459627
355 10 645523
641 92 326255
641 787 333370
641 401 412013
560 942 79779
560 934 284458
745 179 662220
177 47 143898
177 328 590418
177 146 177469
85 763 441853
85 268 634697
85 668 681933
464 584 167036
657 514 441008
657 373 933788
75 962 975205
10 672 294531
92 726 708869
401 52 617076
942 444 657718
942 342 656918
934 180 91771
934 110 756454
328 289 180141
146 699 865145
146 655 717957
268 715 163560
268 184 633542
268 968 553018
668 590 777952
584 522 955233
584 77 273168
584 628 515705
514 901 712045
514 96 138913
373 599 241912
373 38 429571
726 432 583806
52 886 49925
52 538 305840
444 578 352973
342 425 877014
342 89 131285
110 795 639685
289 947 918647
655 382 218707
184 493 676688
184 806 288388
968 821 64138
590 108 520993
77 847 666572
628 82 379832
628 785 613422
628 8 875406
901 564 236076
901 919 489492
96 879 48216
96 500 996833
599 781 364204
38 99 919285
38 868 841991
38 627 70894
538 893 639641
578 288 733937
89 272 681410
89 798 695239
795 974 770761
947 801 625248
382 546 261475
382 309 459152
382 451 98200
382 989 877939
493 461 93274
806 676 532836
821 509 649209
821 696 551036
821 390 167485
821 972 113219
108 756 807864
108 780 174170
847 210 618959
82 749 10892
8 43 415412
8 214 214326
919 319 45206
919 980 348979
879 738 986844
500 691 329482
781 107 74982
99 688 169069
627 585 663314
627 586 637703
893 142 638881
272 227 712826
974 20 490999
974 506 76735
974 233 487041
801 471 550800
546 488 642109
546 473 244203
309 317 789843
451 955 799534
696 407 128328
696 561 29839
390 760 630460
972 41 397162
780 659 840359
210 588 451234
749 720 260199
43 462 73338
43 109 768622
43 956 724135
214 732 307513
214 807 66583
980 211 314431
980 307 964308
980 103 751987
691 511 293157
688 236 596149
585 730 754060
585 587 366151
586 753 763501
586 183 617069
142 608 970258
233 490 6739
471 723 584319
473 552 821385
317 124 389219
317 609 493274
955 143 510791
955 64 824764
407 46 945342
561 187 314837
561 804 656074
760 960 895589
41 380 722894
659 237 145644
659 536 747846
588 203 248425
109 714 978363
956 489 581428
956 278 929309
956 420 326399
807 365 457509
807 559 84376
807 566 184686
103 291 355824
103 685 324764
103 446 905042
103 911 682738
511 123 721510
236 867 177824
587 717 568375
183 478 766137
183 520 208350
490 487 399596
552 527 665500
609 620 320908
64 117 85024
46 348 954309
46 550 194479
804 921 108242
380 967 770697
237 383 333792
237 656 977367
536 818 311552
536 439 982155
536 979 949774
203 824 587879
714 954 63547
278 686 608011
420 877 240511
365 51 591915
566 36 616414
566 393 776200
446 264 189077
911 751 194822
911 948 206077
123 368 158012
717 900 839264
478 601 20244
478 769 695925
478 497 705784
478 35 267825
520 185 326909
520 344 212049
520 165 766526
487 482 769012
487 636 696825
527 30 9183
620 597 798882
117 73 801147
348 737 558518
550 755 282922
550 793 478997
967 589 857383
967 837 369283
383 59 219010
656 18 207669
656 897 60017
818 504 31154
439 540 576254
979 810 729192
979 486 148283
824 618 195000
954 164 206421
686 270 292553
686 569 479044
36 277 426104
36 652 796598
393 736 38246
264 677 349195
264 397 321405
948 240 125501
368 161 961362
900 494 310807
900 562 308868
601 28 467246
601 553 171026
497 466 822910
35 859 993992
35 882 584211
344 349 848542
165 254 988539
636 159 982850
636 784 299625
73 14 268300
73 198 892692
73 26 212638
793 709 887425
793 234 827007
18 37 99487
18 329 441141
897 874 353675
504 385 341961
504 592 552416
540 399 222568
810 174 343793
486 470 970448
618 457 617586
277 119 164919
277 191 548368
277 613 765590
736 595 752300
397 574 508681
161 316 978375
161 820 338803
161 516 139012
562 776 191063
466 441 868021
859 953 731544
882 929 883096
882 861 291798
882 981 23448
254 114 784793
254 25 727815
26 141 584715
26 370 944000
234 402 926596
234 701 360847
234 805 630864
399 215 583004
174 524 379786
470 718 998646
595 199 59701
574 375 843888
574 281 639899
316 259 284822
820 74 640711
820 663 329048
820 963 939253
820 557 604106
516 501 293454
516 984 927037
776 507 627052
776 615 513409
776 60 544589
776 261 157011
441 928 141859
953 621 517477
861 708 355623
25 140 225083
25 224 30840
215 832 369305
718 83 616405
199 148 540380
281 78 77651
74 891 920691
663 581 385079
557 762 657367
501 946 959739
984 825 662937
60 157 712952
60 100 864278
261 354 258720
928 322 909849
621 72 40085
708 299 112679
224 235 335177
83 823 117101
83 70 19768
148 733 170056
148 670 242514
78 914 824027
891 292 520227
581 271 921707
762 508 995637
762 858 11551
762 976 921685
100 970 556347
354 219 550743
354 741 727660
299 285 352198
235 853 747374
70 468 684420
70 938 606635
733 337 611966
733 649 458311
670 188 851591
271 455 931311
271 690 671799
271 306 198987
858 927 96169
741 113 267124
741 181 76758
285 958 543900
285 374 64568
853 416 734231
853 796 990091
468 358 438609
938 58 424466
938 563 492796
188 870 375096
188 744 291331
455 644 608744
306 230 430382
181 437 574443
958 734 18533
958 743 101762
374 405 449558
416 50 72541
796 817 457866
58 98 475809
58 209 858049
58 904 99088
563 213 342908
870 121 990754
870 62 846981
744 996 77208
230 892 956170
437 994 350271
437 591 791953
437 242 800113
743 129 44829
743 217 133847
405 410 637488
405 791 656424
405 238 104624
817 469 850228
817 885 996102
209 12 535340
209 302 758268
213 229 771123
62 521 128381
62 667 110315
62 838 393220
996 301 235457
892 194 935443
892 519 207353
994 447 436871
591 200 451264
591 222 625181
591 419 633068
591 995 559950
591 689 812706
242 935 621592
129 106 42051
217 789 764712
791 31 155957
238 480 539890
885 443 357343
885 565 290932
302 132 34561
302 619 936360
229 336 764328
229 11 10861
838 622 464633
194 430 382538
519 642 287209
419 154 550781
995 529 538816
689 66 331455
689 997 167684
935 812 538704
106 748 533066
789 293 833989
789 324 232087
789 683 690179
31 284 320593
31 496 944893
480 725 615261
565 202 310891
336 338 673129
336 700 981913
336 32 118029
11 327 603032
11 484 695297
11 881 104586
622 406 297634
622 850 888021
622 936 893223
642 384 616825
642 45 553599
529 940 370699
66 985 948586
997 160 160156
812 325 377461
812 231 544367
812 724 172972
683 155 487315
496 839 162820
496 831 117
496 648 464076
725 189 370295
725 639 240904
202 448 520203
32 721 972369
327 460 27506
327 661 704817
484 544 568065
484 580 983592
881 908 538777
850 626 327623
850 719 743798
45 767 445256
160 126 394437
231 356 885926
724 125 409609
724 998 723368
831 376 588051
831 266 975539
648 105 327063
648 366 911008
648 950 715920
189 412 458493
639 86 81208
448 137 481487
661 428 640940
580 754 701506
908 101 671492
908 144 599075
126 269 883400
125 815 360070
125 545 517442
998 660 800448
376 361 703140
266 492 679489
105 256 305317
105 318 589534
366 966 690494
950 975 885517
412 643 131060
86 459 379493
86 44 16817
137 223 376929
137 902 803857
137 359 474674
144 710 469631
144 130 357959
144 993 862745
269 576 588003
269 357 483201
815 80 528768
815 23 661281
545 822 25262
545 413 755726
492 862 904920
44 915 47758
359 404 405827
710 498 758148
710 220 530773
130 502 456344
130 937 596298
993 632 672775
993 658 325086
576 308 184137
576 81 637146
357 138 500011
357 122 639030
357 917 431318
357 680 778737
80 251 952156
23 883 149070
822 112 798202
413 93 862603
413 603 191278
413 742 206731
862 771 321664
862 246 174177
915 97 45331
915 456 139545
915 56 788004
915 786 910322
404 768 456721
404 417 70955
498 283 5027
220 923 554909
502 339 131812
937 558 452065
632 551 916209
632 607 909112
658 991 604953
81 282 300316
138 248 446607
138 840 423745
122 673 332113
122 347 738670
680 986 106681
883 778 554534
93 387 15466
742 42 531933
246 964 112422
456 594 703160
56 912 752592
786 216 726052
768 957 669016
768 427 241435
417 713 739458
417 828 87281
607 303 717021
282 495 546140
282 899 858181
673 53 443744
347 168 109907
347 624 645720
347 68 14043
42 634 388897
594 290 328507
216 978 318957
957 499 215505
427 913 820639
427 925 372984
828 17 157087
828 596 779904
828 204 421109
828 19 146676
303 131 407282
899 961 87225
53 731 805243
624 228 558250
68 65 292384
68 735 518603
68 452 848481
634 513 554392
913 426 941423
925 377 338552
925 539 84173
204 645 593437
204 398 978105
19 226 819409
19 999 575853
731 703 625428
731 314 246501
65 640 188068
452 873 248383
513 243 854297
426 757 5246
377 530 424023
539 294 805842
645 746 387896
398 612 789537
398 813 783389
999 221 503638
703 453 915078
703 875 949609
314 814 728980
314 104 627845
873 782 57123
873 906 498120
243 304 903380
294 910 723500
746 1 648416
813 474 275703
813 512 827585
813 728 597761
221 429 332799
453 761 33831
453 239 65902
875 423 232618
875 777 422476
814 693 924531
814 803 666073
814 876 910669
104 844 870512
104 258 722118
104 896 914785
782 864 180513
906 71 82375
906 55 385380
304 326 72798
304 988 953928
910 647 496055
910 854 480986
1 403 410791
474 759 837512
512 450 117170
512 133 364768
512 866 279128
728 582 44420
429 842 22607
429 602 907169
239 408 3815
803 350 552334
876 249 438114
258 379 475261
864 614 719031
864 819 875929
55 773 77027
326 909 757453
326 313 658390
988 616 647436
647 848 997254
854 932 293979
854 973 556679
450 134 5512
450 389 781347
450 310 901026
133 147 56931
133 158 666168
866 579 289871
866 505 396034
582 166 896929
582 332 253065
602 212 898689
602 371 804146
408 297 824709
408 766 436013
350 797 961800
379 421 634587
379 684 211167
773 21 307682
909 352 536377
313 775 247990
616 555 894389
616 534 444380
616 197 90519
932 333 397386
932 341 11488
973 606 77807
973 779 53872
389 697 903720
310 772 993682
147 704 350165
147 629 600837
158 829 404072
505 9 73785
505 808 71704
166 49 617170
332 852 257933
332 186 367243
212 523 721840
371 334 187957
371 335 373109
371 849 797846
766 3 607503
797 331 76059
684 695 636156
684 890 582932
352 878 945387
352 265 566113
775 245 72058
555 846 491132
534 889 155854
197 163 727646
197 765 357044
333 206 513107
341 567 519372
779 600 420715
772 424 630837
772 247 968188
772 675 276428
629 827 429388
829 422 165740
808 111 465326
808 244 480645
808 930 621303
49 396 82833
186 752 173010
186 414 931513
335 770 257133
335 918 692564
849 438 579615
849 541 160123
849 449 492016
331 173 937768
331 241 245019
265 887 754648
245 665 674527
765 115 111414
765 94 343578
567 127 496788
600 287 157410
247 13 747712
930 554 563732
930 503 753553
396 716 378501
752 774 340519
414 855 177120
918 888 756850
438 16 25485
449 705 530500
665 442 564897
665 944 68321
94 871 526490
127 463 68551
287 296 199631
287 740 111080
13 409 480082
503 391 499527
503 799 752283
716 312 439851
716 273 45405
774 29 203555
855 118 342322
888 176 694048
705 907 434392
705 943 693728
944 305 753170
871 983 349932
463 729 260996
740 169 487801
409 510 228724
799 364 508229
799 436 342112
273 633 671060
273 959 830321
29 61 15163
118 267 709500
118 475 702447
176 411 257952
305 84 27324
305 834 813508
169 533 210573
633 27 780450
959 856 46962
959 702 397896
61 750 125180
61 250 922910
61 845 412147
61 952 560022
267 949 915946
475 653 101135
84 517 235160
84 792 748244
834 295 262210
533 208 202873
856 884 601880
856 681 856692
702 76 59961
702 345 529406
702 400 246212
702 151 980725
250 835 929533
845 48 529458
845 24 771544
845 682 186316
845 941 165425
653 687 314263
681 924 467260
400 610 60798
151 939 787541
151 575 636068
48 491 508096
24 195 209649
941 395 358533
687 965 222759
939 651 373250
575 758 893972
195 360 803467
195 543 95111
395 920 663878
965 190 957619
965 570 98102
651 167 317775
651 945 972637
758 90 240096
758 583 999605
570 343 890353
570 548 219213
167 162 386132
945 625 202028
583 262 681118
343 232 537544
162 128 724582
162 532 3437
262 170 470202
262 136 80442
532 800 303322
170 467 844466
136 895 574045
136 34 429889
800 39 775863
34 440 478791
34 951 720266
39 435 912993
440 611 373360
951 116 291937
951 617 293725
617 369 744012
369 286 201572
173
