1000 100
0 1 318899
0 2 397454
0 3 439923
0 4 596632
0 5 536409
0 6 313202
0 7 905676
0 8 103939
0 9 308405
0 10 882738
1 11 649542
2 12 321731
3 13 979520
4 14 97799
5 15 238235
6 16 948721
7 17 936835
8 18 91156
9 19 648163
10 20 608480
11 21 140991
12 22 350498
13 23 742512
14 24 620120
15 25 879012
16 26 716186
17 27 147269
18 28 622090
19 29 249075
20 30 936277
21 31 983521
22 32 917427
23 33 320446
24 34 601583
25 35 176229
26 36 422977
27 37 774934
28 38 662273
29 39 830704
30 40 97647
31 41 839776
32 42 914148
33 43 242157
34 44 226011
35 45 470615
36 46 168314
37 47 777740
38 48 736334
39 49 934362
40 50 917323
41 51 168591
42 52 202571
43 53 120849
44 54 183351
45 55 253657
46 56 339882
47 57 65497
48 58 626060
49 59 343703
50 60 152767
51 61 801330
52 62 303890
53 63 931815
54 64 136402
55 65 529220
56 66 586980
57 67 249559
58 68 764062
59 69 856837
60 70 353712
61 71 217632
62 72 317828
63 73 447281
64 74 697198
65 75 333435
66 76 445040
67 77 503388
68 78 887074
69 79 30433
70 80 907382
71 81 866035
72 82 316224
73 83 153751
74 84 642083
75 85 66215
76 86 137107
77 87 696029
78 88 991794
79 89 447532
80 90 357010
81 91 83943
82 92 704980
83 93 200623
84 94 259872
85 95 361534
86 96 281335
87 97 714146
88 98 939397
89 99 855257
90 100 30563
91 101 334244
92 102 116854
93 103 382973
94 104 492095
95 105 111930
96 106 68380
97 107 560827
98 108 560007
99 109 476556
100 110 378185
101 111 492915
102 112 109986
103 113 176785
104 114 596238
105 115 146004
106 116 932521
107 117 491740
108 118 789636
109 119 213135
110 120 968509
111 121 958822
112 122 166602
113 123 873498
114 124 631228
115 125 826044
116 126 454936
117 127 438445
118 128 118159
119 129 552121
120 130 266722
121 131 591901
122 132 101294
123 133 659743
124 134 384372
125 135 879661
126 136 578152
127 137 851191
128 138 886775
129 139 839863
130 140 326022
131 141 207322
132 142 183429
133 143 353478
134 144 925158
135 145 205820
136 146 197482
137 147 279551
138 148 557710
139 149 34320
140 150 462795
141 151 388209
142 152 240446
143 153 296652
144 154 313794
145 155 175549
146 156 14073
147 157 987089
148 158 768565
149 159 501636
150 160 258897
151 161 838282
152 162 91869
153 163 901577
154 164 340857
155 165 671197
156 166 945760
157 167 789292
158 168 740305
159 169 138231
160 170 599405
161 171 605367
162 172 938714
163 173 250880
164 174 165728
165 175 825075
166 176 897110
167 177 958920
168 178 871486
169 179 214226
170 180 406263
171 181 726083
172 182 725350
173 183 521219
174 184 722301
175 185 557841
176 186 973651
177 187 410067
178 188 842792
179 189 372114
180 190 632907
181 191 854884
182 192 730798
183 193 333551
184 194 503849
185 195 521482
186 196 28990
187 197 42820
188 198 81272
189 199 304851
190 200 493651
191 201 363592
192 202 412675
193 203 88264
194 204 17909
195 205 887686
196 206 965776
197 207 239772
198 208 110724
199 209 615500
200 210 931260
201 211 101344
202 212 329227
203 213 587431
204 214 27679
205 215 362618
206 216 10107
207 217 908263
208 218 385801
209 219 573424
210 220 63038
211 221 206346
212 222 71377
213 223 368216
214 224 622216
215 225 926159
216 226 350942
217 227 167184
218 228 436884
219 229 368665
220 230 403129
221 231 291399
222 232 544763
223 233 849081
224 234 217293
225 235 680136
226 236 922266
227 237 379149
228 238 754795
229 239 854268
230 240 643551
231 241 878616
232 242 390940
233 243 979787
234 244 369648
235 245 109501
236 246 247599
237 247 972554
238 248 646679
239 249 454186
240 250 294801
241 251 353121
242 252 98802
243 253 238132
244 254 436185
245 255 24623
246 256 566781
247 257 486507
248 258 375087
249 259 757780
250 260 321845
251 261 901951
252 262 290037
253 263 868670
254 264 574353
255 265 826512
256 266 510619
257 267 351814
258 268 183579
259 269 320998
260 270 296808
261 271 235175
262 272 116013
263 273 520600
264 274 654157
265 275 641381
266 276 258204
267 277 46180
268 278 206644
269 279 332632
270 280 543231
271 281 6663
272 282 18509
273 283 781367
274 284 433508
275 285 705140
276 286 42567
277 287 805996
278 288 540389
279 289 81076
280 290 14463
281 291 663408
282 292 858388
283 293 44303
284 294 297045
285 295 542609
286 296 975500
287 297 74200
288 298 233556
289 299 826738
290 300 59688
291 301 267068
292 302 934212
293 303 500635
294 304 475294
295 305 806236
296 306 161651
297 307 628746
298 308 436664
299 309 447907
300 310 460391
301 311 520851
302 312 785149
303 313 606673
304 314 58243
305 315 956213
306 316 120129
307 317 8584
308 318 576962
309 319 312533
310 320 819382
311 321 313633
312 322 731014
313 323 808916
314 324 40415
315 325 956560
316 326 613649
317 327 416410
318 328 752177
319 329 981832
320 330 587344
321 331 531978
322 332 80097
323 333 642429
324 334 196113
325 335 962424
326 336 920281
327 337 142473
328 338 509623
329 339 546871
330 340 456599
331 341 432744
332 342 562128
333 343 43421
334 344 750278
335 345 538427
336 346 497455
337 347 92154
338 348 7754
339 349 11196
340 350 632958
341 351 38184
342 352 948420
343 353 154598
344 354 834475
345 355 469736
346 356 349536
347 357 997671
348 358 135340
349 359 204701
350 360 105922
351 361 114591
352 362 315614
353 363 700154
354 364 848149
355 365 291573
356 366 718403
357 367 46003
358 368 282664
359 369 280888
360 370 374412
361 371 207745
362 372 590872
363 373 897228
364 374 362462
365 375 393449
366 376 732188
367 377 931516
368 378 900467
369 379 114171
370 380 433676
371 381 197698
372 382 108282
373 383 713795
374 384 783057
375 385 354736
376 386 912943
377 387 76824
378 388 817550
379 389 73558
380 390 584149
381 391 788577
382 392 124295
383 393 22690
384 394 827118
385 395 998425
386 396 797471
387 397 563608
388 398 145493
389 399 786182
390 400 709586
391 401 952614
392 402 574668
393 403 713129
394 404 796501
395 405 28031
396 406 615814
397 407 783904
398 408 436551
399 409 804154
400 410 837363
401 411 793773
402 412 705979
403 413 620552
404 414 702286
405 415 970095
406 416 457792
407 417 119596
408 418 604371
409 419 593994
410 420 152126
411 421 200516
412 422 73367
413 423 348579
414 424 672202
415 425 330471
416 426 452691
417 427 319009
418 428 141166
419 429 706816
420 430 831480
421 431 722300
422 432 333642
423 433 197730
424 434 942479
425 435 968540
426 436 293261
427 437 83241
428 438 258116
429 439 829803
430 440 459230
431 441 239836
432 442 166262
433 443 915071
434 444 246655
435 445 62783
436 446 557697
437 447 214439
438 448 384141
439 449 706745
440 450 963709
441 451 338724
442 452 812944
443 453 534662
444 454 867954
445 455 47573
446 456 879268
447 457 948880
448 458 752552
449 459 33648
450 460 678521
451 461 948603
452 462 410543
453 463 129831
454 464 795062
455 465 95103
456 466 191062
457 467 842937
458 468 17381
459 469 667109
460 470 863572
461 471 887340
462 472 753210
463 473 870822
464 474 419970
465 475 785804
466 476 179131
467 477 744055
468 478 9158
469 479 350958
470 480 986667
471 481 85054
472 482 974286
473 483 655849
474 484 688715
475 485 778790
476 486 783384
477 487 464990
478 488 120274
479 489 23439
480 490 882644
481 491 404483
482 492 804096
483 493 306167
484 494 797144
485 495 830646
486 496 745147
487 497 935555
488 498 877389
489 499 54388
490 500 981620
491 501 696601
492 502 599361
493 503 720954
494 504 555408
495 505 574314
496 506 187940
497 507 951062
498 508 214834
499 509 189377
500 510 838191
501 511 700855
502 512 379246
503 513 723463
504 514 399865
505 515 438246
506 516 826452
507 517 938673
508 518 321528
509 519 179521
510 520 513705
511 521 182670
512 522 97831
513 523 48622
514 524 263612
515 525 83966
516 526 708639
517 527 92445
518 528 593988
519 529 621429
520 530 757838
521 531 283952
522 532 142153
523 533 666510
524 534 56286
525 535 223033
526 536 894912
527 537 948532
528 538 952309
529 539 116669
530 540 959477
531 541 637384
532 542 690908
533 543 409869
534 544 206214
535 545 744073
536 546 203059
537 547 483235
538 548 710653
539 549 5794
540 550 844001
541 551 402425
542 552 663468
543 553 228419
544 554 56381
545 555 566785
546 556 322032
547 557 60937
548 558 797276
549 559 142965
550 560 142643
551 561 181265
552 562 148336
553 563 444299
554 564 815582
555 565 146766
556 566 793560
557 567 684820
558 568 536026
559 569 785401
560 570 51490
561 571 560009
562 572 781685
563 573 530962
564 574 246136
565 575 288246
566 576 408804
567 577 469843
568 578 101900
569 579 161001
570 580 935705
571 581 821691
572 582 802689
573 583 215491
574 584 29635
575 585 633065
576 586 539580
577 587 730248
578 588 881951
579 589 853561
580 590 984186
581 591 823961
582 592 816153
583 593 275925
584 594 567140
585 595 432728
586 596 338001
587 597 230965
588 598 672366
589 599 265645
590 600 482073
591 601 295342
592 602 874713
593 603 532431
594 604 139854
595 605 674051
596 606 205499
597 607 245132
598 608 595763
599 609 855249
600 610 609649
601 611 866691
602 612 797837
603 613 649901
604 614 361750
605 615 499542
606 616 413662
607 617 764774
608 618 231959
609 619 255619
610 620 55427
611 621 936118
612 622 489136
613 623 695853
614 624 724802
615 625 496700
616 626 234354
617 627 512361
618 628 524646
619 629 881272
620 630 14104
621 631 369380
622 632 987585
623 633 706080
624 634 639188
625 635 517265
626 636 34328
627 637 764031
628 638 88502
629 639 10875
630 640 373612
631 641 60610
632 642 593013
633 643 221178
634 644 24980
635 645 956409
636 646 666530
637 647 275563
638 648 315814
639 649 492016
640 650 107825
641 651 30555
642 652 762974
643 653 446887
644 654 190831
645 655 98036
646 656 630319
647 657 338867
648 658 157701
649 659 990477
650 660 419065
651 661 494545
652 662 110149
653 663 646150
654 664 247370
655 665 499471
656 666 822923
657 667 764489
658 668 810859
659 669 758778
660 670 22333
661 671 909939
662 672 399552
663 673 284710
664 674 75796
665 675 976404
666 676 3004
667 677 736285
668 678 367364
669 679 929321
670 680 79922
671 681 797456
672 682 705323
673 683 920261
674 684 269407
675 685 659707
676 686 382552
677 687 119683
678 688 278146
679 689 38899
680 690 197923
681 691 720581
682 692 734735
683 693 587297
684 694 733064
685 695 159813
686 696 994195
687 697 604803
688 698 596546
689 699 472088
690 700 538163
691 701 618979
692 702 828414
693 703 254180
694 704 790240
695 705 886737
696 706 452735
697 707 657739
698 708 220929
699 709 903774
700 710 124398
701 711 951657
702 712 63469
703 713 50447
704 714 192226
705 715 722782
706 716 597565
707 717 904290
708 718 574896
709 719 833532
710 720 624005
711 721 699247
712 722 400848
713 723 252163
714 724 435317
715 725 617856
716 726 878376
717 727 853774
718 728 551804
719 729 770633
720 730 916008
721 731 570540
722 732 941756
723 733 708409
724 734 243722
725 735 857990
726 736 433374
727 737 903362
728 738 333105
729 739 977875
730 740 626035
731 741 722778
732 742 308105
733 743 749031
734 744 737130
735 745 213114
736 746 679972
737 747 633374
738 748 5565
739 749 521472
740 750 674649
741 751 240084
742 752 5228
743 753 166670
744 754 636569
745 755 912993
746 756 77947
747 757 743984
748 758 863011
749 759 606586
750 760 309393
751 761 200609
752 762 554195
753 763 828281
754 764 133022
755 765 641430
756 766 392984
757 767 606685
758 768 936255
759 769 8555
760 770 587085
761 771 721119
762 772 911917
763 773 634539
764 774 734571
765 775 372919
766 776 646198
767 777 705774
768 778 667765
769 779 627973
770 780 799411
771 781 19386
772 782 837899
773 783 95216
774 784 604449
775 785 542254
776 786 12532
777 787 726866
778 788 295390
779 789 347692
780 790 347776
781 791 306689
782 792 239845
783 793 36240
784 794 921204
785 795 738343
786 796 873969
787 797 326861
788 798 307778
789 799 869847
790 800 572407
791 801 825801
792 802 402049
793 803 833314
794 804 777010
795 805 307190
796 806 79904
797 807 533560
798 808 388699
799 809 744584
800 810 273114
801 811 298686
802 812 227643
803 813 501165
804 814 302823
805 815 535104
806 816 8357
807 817 425555
808 818 201366
809 819 947036
810 820 825437
811 821 92924
812 822 860298
813 823 386421
814 824 793239
815 825 928282
816 826 623736
817 827 457605
818 828 372820
819 829 410222
820 830 154575
821 831 311173
822 832 759458
823 833 13632
824 834 545606
825 835 548758
826 836 693120
827 837 413171
828 838 819835
829 839 354666
830 840 82049
831 841 796966
832 842 345986
833 843 730733
834 844 219738
835 845 361717
836 846 908912
837 847 873804
838 848 126122
839 849 142059
840 850 678555
841 851 471076
842 852 123781
843 853 570048
844 854 344667
845 855 115611
846 856 822754
847 857 550120
848 858 155895
849 859 259570
850 860 494765
851 861 860559
852 862 886957
853 863 319586
854 864 524069
855 865 944598
856 866 719190
857 867 491074
858 868 661689
859 869 904643
860 870 192325
861 871 748862
862 872 531132
863 873 631175
864 874 10032
865 875 113024
866 876 51052
867 877 396289
868 878 767680
869 879 240033
870 880 499642
871 881 83873
872 882 2474
873 883 812324
874 884 276814
875 885 946792
876 886 81782
877 887 90042
878 888 867995
879 889 656403
880 890 373169
881 891 543861
882 892 333482
883 893 584722
884 894 918129
885 895 95605
886 896 923389
887 897 648703
888 898 680442
889 899 678768
890 900 409069
890 910 964732
890 920 917953
890 930 885657
890 940 288611
890 950 739846
890 960 964006
890 970 612154
890 980 248549
890 990 757744
891 901 11487
891 911 468668
891 921 870340
891 931 592989
891 941 304418
891 951 983536
891 961 997096
891 971 967600
891 981 240703
891 991 301097
892 902 885742
892 912 359783
892 922 136599
892 932 960322
892 942 164434
892 952 226610
892 962 436303
892 972 477497
892 982 463902
892 992 690684
893 903 900249
893 913 423808
893 923 602037
893 933 413301
893 943 410876
893 953 347903
893 963 793828
893 973 549568
893 983 757383
893 993 155516
894 904 739031
894 914 251076
894 924 629604
894 934 748527
894 944 22402
894 954 114589
894 964 198560
894 974 768098
894 984 365051
894 994 495002
895 905 633224
895 915 106137
895 925 873077
895 935 221546
895 945 239788
895 955 253740
895 965 446998
895 975 791928
895 985 642604
895 995 921718
896 906 770568
896 916 448987
896 926 156781
896 936 859208
896 946 587529
896 956 796191
896 966 144899
896 976 810735
896 986 561093
896 996 697454
897 907 390980
897 917 204598
897 927 425260
897 937 828355
897 947 261791
897 957 748197
897 967 393952
897 977 615773
897 987 574639
897 997 540243
898 908 91291
898 918 697677
898 928 569906
898 938 256582
898 948 955806
898 958 603386
898 968 915968
898 978 912709
898 988 67010
898 998 190320
899 909 205929
899 919 405695
899 929 420455
899 939 135064
899 949 897553
899 959 966414
899 969 87093
899 979 445037
899 989 250510
899 999 604967
900 901 902 903 904 905 906 907 908 909 910 911 912 913 914 915 916 917 918 919 920 921 922 923 924 925 926 927 928 929 930 931 932 933 934 935 936 937 938 939 940 941 942 943 944 945 946 947 948 949 950 951 952 953 954 955 956 957 958 959 960 961 962 963 964 965 966 967 968 969 970 971 972 973 974 975 976 977 978 979 980 981 982 983 984 985 986 987 988 989 990 991 992 993 994 995 996 997 998 999
