1000 16
0 1 450127
0 2 469187
0 3 679043
0 4 44332
1 5 956810
2 6 837677
3 7 987038
4 8 610299
5 9 997995
6 10 467212
7 11 911595
8 12 439043
9 13 751214
10 14 628487
11 15 126616
12 16 35785
13 17 483191
14 18 967097
15 19 384556
16 20 545292
17 21 425749
18 22 821574
19 23 626828
20 24 321081
21 25 898031
22 26 314178
23 27 106261
24 28 10095
25 29 592751
26 30 592601
27 31 369990
28 32 175277
29 33 514328
30 34 29611
31 35 498475
32 36 197635
33 37 524805
34 38 212731
35 39 193030
36 40 272445
37 41 551954
38 42 371035
39 43 687056
40 44 945411
41 45 298745
42 46 449463
43 47 960344
44 48 733926
45 49 424407
46 50 451264
47 51 666035
48 52 282857
49 53 84538
50 54 849433
51 55 927242
52 56 380106
53 57 867792
54 58 817618
55 59 613509
56 60 64264
57 61 265419
58 62 288404
59 63 97761
60 64 735
61 65 668622
62 66 760133
63 67 941987
64 68 400101
65 69 855817
66 70 649366
67 71 347677
68 72 8766
69 73 992229
70 74 640091
71 75 34107
72 76 666462
73 77 353199
74 78 103747
75 79 414536
76 80 216749
77 81 981093
78 82 691889
79 83 802930
80 84 311631
81 85 460525
82 86 458936
83 87 566536
84 88 622929
85 89 99738
86 90 575434
87 91 480573
88 92 769652
89 93 498068
90 94 962801
91 95 852845
92 96 385476
93 97 811148
94 98 829215
95 99 327173
96 100 103393
97 101 558415
98 102 54533
99 103 332364
100 104 622024
101 105 851195
102 106 646677
103 107 48237
104 108 166807
105 109 974401
106 110 270645
107 111 641970
108 112 964443
109 113 693574
110 114 322828
111 115 282593
112 116 883985
113 117 560554
114 118 149404
115 119 810846
116 120 39273
117 121 390990
118 122 335711
119 123 630811
120 124 46691
121 125 955530
122 126 76826
123 127 999388
124 128 21776
125 129 809679
126 130 647093
127 131 849534
128 132 377737
129 133 967609
130 134 352387
131 135 56359
132 136 136204
133 137 300482
134 138 720133
135 139 882468
136 140 745655
137 141 491042
138 142 696862
139 143 224910
140 144 740610
141 145 659361
142 146 975706
143 147 898570
144 148 526678
145 149 436380
146 150 715816
147 151 335440
148 152 207479
149 153 693545
150 154 335045
151 155 181406
152 156 509383
153 157 158160
154 158 909336
155 159 1290
156 160 20752
157 161 492925
158 162 635758
159 163 909610
160 164 926993
161 165 576606
162 166 134111
163 167 266438
164 168 290115
165 169 480189
166 170 702823
167 171 933426
168 172 624864
169 173 330557
170 174 366624
171 175 546994
172 176 437681
173 177 263973
174 178 268764
175 179 964979
176 180 597625
177 181 680071
178 182 551449
179 183 350333
180 184 473022
181 185 829007
182 186 374568
183 187 30789
184 188 403042
185 189 498580
186 190 29425
187 191 616297
188 192 920775
189 193 664709
190 194 538352
191 195 63580
192 196 241031
193 197 762046
194 198 608866
195 199 237938
196 200 73868
197 201 972410
198 202 340897
199 203 367994
200 204 123202
201 205 840854
202 206 304619
203 207 1281
204 208 575105
205 209 682408
206 210 840987
207 211 683170
208 212 826047
209 213 127060
210 214 723660
211 215 931515
212 216 106830
213 217 23482
214 218 741860
215 219 772561
216 220 395829
217 221 549675
218 222 16886
219 223 58737
220 224 608561
221 225 935500
222 226 652824
223 227 689997
224 228 211608
225 229 378511
226 230 926432
227 231 834993
228 232 815199
229 233 655323
230 234 118685
231 235 790510
232 236 248955
233 237 274240
234 238 576963
235 239 690102
236 240 327565
237 241 227348
238 242 672323
239 243 204204
240 244 196280
241 245 424826
242 246 570314
243 247 563676
244 248 728647
245 249 900381
246 250 215722
247 251 521822
248 252 71327
249 253 851762
250 254 497711
251 255 29214
252 256 741425
253 257 15042
254 258 304327
255 259 240050
256 260 220532
257 261 890926
258 262 746365
259 263 304591
260 264 708429
261 265 898731
262 266 529468
263 267 693103
264 268 662251
265 269 497126
266 270 16381
267 271 417618
268 272 39843
269 273 787215
270 274 624564
271 275 629464
272 276 395595
273 277 990169
274 278 952289
275 279 109603
276 280 320862
277 281 267274
278 282 7323
279 283 888976
280 284 383202
281 285 893539
282 286 16703
283 287 881588
284 288 644944
285 289 634216
286 290 642394
287 291 93638
288 292 791041
289 293 271229
290 294 244215
291 295 530178
292 296 549246
293 297 421534
294 298 803882
295 299 239458
296 300 554638
297 301 27582
298 302 670067
299 303 961481
300 304 565749
301 305 45962
302 306 708581
303 307 672593
304 308 227643
305 309 267352
306 310 427260
307 311 633444
308 312 61456
309 313 566665
310 314 709784
311 315 895629
312 316 458674
313 317 363654
314 318 677162
315 319 364517
316 320 75313
317 321 370451
318 322 28295
319 323 652994
320 324 872166
321 325 274560
322 326 312995
323 327 211628
324 328 804928
325 329 576137
326 330 955843
327 331 655250
328 332 657912
329 333 710638
330 334 792447
331 335 3924
332 336 213994
333 337 83318
334 338 78424
335 339 433040
336 340 821668
337 341 77574
338 342 948307
339 343 221007
340 344 467401
341 345 810525
342 346 699589
343 347 194976
344 348 550675
345 349 326065
346 350 820706
347 351 957200
348 352 929660
349 353 69080
350 354 369414
351 355 328309
352 356 592778
353 357 282064
354 358 141932
355 359 746999
356 360 350662
357 361 294889
358 362 743143
359 363 532434
360 364 233188
361 365 361188
362 366 880112
363 367 381438
364 368 80069
365 369 279428
366 370 349127
367 371 42035
368 372 560812
369 373 568767
370 374 406787
371 375 727467
372 376 348209
373 377 406860
374 378 505757
375 379 330468
376 380 498745
377 381 258492
378 382 544796
379 383 488160
380 384 791053
381 385 419959
382 386 379244
383 387 263928
384 388 532682
385 389 704867
386 390 596578
387 391 469467
388 392 19760
389 393 608726
390 394 462652
391 395 783648
392 396 749342
393 397 205148
394 398 935043
395 399 445174
396 400 915618
397 401 599782
398 402 747579
399 403 443057
400 404 849819
401 405 103665
402 406 133026
403 407 828502
404 408 28243
405 409 869777
406 410 32147
407 411 253928
408 412 819534
409 413 585478
410 414 638118
411 415 559219
412 416 136445
413 417 743200
414 418 353289
415 419 460802
416 420 664989
417 421 853310
418 422 384764
419 423 557403
420 424 220134
421 425 167486
422 426 820927
423 427 616773
424 428 107492
425 429 163641
426 430 881012
427 431 340527
428 432 177917
429 433 464986
430 434 135472
431 435 139793
432 436 316453
433 437 288955
434 438 335041
435 439 885121
436 440 906172
437 441 253750
438 442 114151
439 443 714012
440 444 386145
441 445 823553
442 446 683162
443 447 262040
444 448 392275
445 449 367285
446 450 635322
447 451 120300
448 452 979022
449 453 265350
450 454 656502
451 455 196374
452 456 434858
453 457 201035
454 458 859741
455 459 811525
456 460 257187
457 461 72646
458 462 920850
459 463 683841
460 464 665570
461 465 321684
462 466 624094
463 467 66058
464 468 437550
465 469 402990
466 470 905000
467 471 913086
468 472 504150
469 473 277965
470 474 997797
471 475 222827
472 476 405992
473 477 875379
474 478 906295
475 479 773007
476 480 615908
477 481 191346
478 482 817117
479 483 628384
480 484 277827
481 485 126703
482 486 78046
483 487 18139
484 488 926837
485 489 933071
486 490 160424
487 491 690778
488 492 105357
489 493 535380
490 494 461734
491 495 513388
492 496 198721
493 497 456529
494 498 137000
495 499 183365
496 500 674227
497 501 932448
498 502 693604
499 503 418612
500 504 256105
501 505 944305
502 506 418671
503 507 588330
504 508 834936
505 509 519918
506 510 187926
507 511 622847
508 512 637964
509 513 373691
510 514 528303
511 515 448858
512 516 251534
513 517 609161
514 518 339635
515 519 474135
516 520 344401
517 521 26678
518 522 75773
519 523 238424
520 524 92305
521 525 794789
522 526 124297
523 527 985583
524 528 694917
525 529 933497
526 530 838004
527 531 521258
528 532 986841
529 533 156759
530 534 642312
531 535 635884
532 536 280184
533 537 567595
534 538 316827
535 539 343892
536 540 46852
537 541 550700
538 542 799889
539 543 897676
540 544 353816
541 545 545975
542 546 472968
543 547 795690
544 548 782370
545 549 360903
546 550 113304
547 551 280804
548 552 287379
549 553 466783
550 554 345390
551 555 469746
552 556 512084
553 557 202428
554 558 683198
555 559 92270
556 560 474920
557 561 209767
558 562 239570
559 563 805910
560 564 915514
561 565 929552
562 566 373332
563 567 368196
564 568 109533
565 569 314209
566 570 837336
567 571 195865
568 572 282600
569 573 352868
570 574 294380
571 575 572581
572 576 950068
573 577 749109
574 578 138476
575 579 890519
576 580 637882
577 581 527207
578 582 985835
579 583 186115
580 584 598448
581 585 771187
582 586 183063
583 587 734041
584 588 250898
585 589 404548
586 590 543100
587 591 561558
588 592 304981
589 593 557204
590 594 588260
591 595 440065
592 596 385018
593 597 397844
594 598 258327
595 599 128725
596 600 690830
597 601 114324
598 602 967560
599 603 506633
600 604 539615
601 605 504425
602 606 567690
603 607 959918
604 608 761120
605 609 966185
606 610 96177
607 611 933090
608 612 581233
609 613 843423
610 614 415721
611 615 59139
612 616 355137
613 617 46596
614 618 334381
615 619 166962
616 620 334655
617 621 196056
618 622 514868
619 623 528998
620 624 800158
621 625 195491
622 626 98744
623 627 910845
624 628 376115
625 629 305236
626 630 95226
627 631 305950
628 632 940161
629 633 278177
630 634 707546
631 635 448908
632 636 990866
633 637 915896
634 638 600480
635 639 698193
636 640 873192
637 641 584133
638 642 629618
639 643 237990
640 644 540223
641 645 376125
642 646 218735
643 647 343462
644 648 503049
645 649 315604
646 650 217808
647 651 756287
648 652 217968
649 653 266320
650 654 538159
651 655 885180
652 656 877348
653 657 445009
654 658 697778
655 659 22599
656 660 141292
657 661 189719
658 662 626946
659 663 13946
660 664 134636
661 665 501845
662 666 243058
663 667 158222
664 668 699915
665 669 353316
666 670 108182
667 671 358181
668 672 501008
669 673 115752
670 674 186071
671 675 806597
672 676 381592
673 677 775656
674 678 784603
675 679 251858
676 680 941909
677 681 648213
678 682 344340
679 683 656816
680 684 827082
681 685 734871
682 686 8004
683 687 866092
684 688 600997
685 689 481328
686 690 48734
687 691 106677
688 692 715931
689 693 724858
690 694 691697
691 695 215768
692 696 347201
693 697 103367
694 698 747478
695 699 325310
696 700 908918
697 701 850909
698 702 916192
699 703 760085
700 704 900682
701 705 500476
702 706 412740
703 707 523373
704 708 41089
705 709 451585
706 710 496382
707 711 828953
708 712 942217
709 713 665051
710 714 637308
711 715 614895
712 716 237176
713 717 893276
714 718 57907
715 719 822524
716 720 688433
717 721 135207
718 722 409318
719 723 794976
720 724 945059
721 725 481163
722 726 519639
723 727 771277
724 728 23729
725 729 49439
726 730 162962
727 731 672116
728 732 532637
729 733 778627
730 734 984048
731 735 866060
732 736 41190
733 737 544887
734 738 635989
735 739 611135
736 740 660708
737 741 889208
738 742 530590
739 743 549793
740 744 975929
741 745 126851
742 746 761964
743 747 890159
744 748 989323
745 749 399024
746 750 410705
747 751 126688
748 752 844004
749 753 420885
750 754 783865
751 755 461181
752 756 698899
753 757 87298
754 758 609725
755 759 765084
756 760 528349
757 761 697169
758 762 253142
759 763 959951
760 764 479979
761 765 704333
762 766 866324
763 767 832311
764 768 525108
765 769 965666
766 770 44564
767 771 574848
768 772 57628
769 773 401420
770 774 372538
771 775 54041
772 776 680792
773 777 18170
774 778 362589
775 779 170691
776 780 958020
777 781 561280
778 782 796888
779 783 594388
780 784 246254
781 785 96424
782 786 743509
783 787 779319
784 788 220670
785 789 364100
786 790 274903
787 791 72392
788 792 422000
789 793 351601
790 794 971322
791 795 201788
792 796 122113
793 797 245907
794 798 590100
795 799 237618
796 800 691677
797 801 947167
798 802 218466
799 803 421479
800 804 241212
801 805 83447
802 806 586701
803 807 334151
804 808 944049
805 809 252646
806 810 446665
807 811 919101
808 812 679477
809 813 410564
810 814 228358
811 815 897542
812 816 868090
813 817 840820
814 818 724751
815 819 747906
816 820 390846
817 821 422453
818 822 707630
819 823 597880
820 824 153040
821 825 386017
822 826 876348
823 827 61298
824 828 903590
825 829 584684
826 830 214409
827 831 196350
828 832 50917
829 833 134994
830 834 178903
831 835 669055
832 836 124502
833 837 462012
834 838 477884
835 839 892918
836 840 82041
837 841 285413
838 842 339126
839 843 142800
840 844 352106
841 845 404967
842 846 82440
843 847 658441
844 848 575339
845 849 370600
846 850 978173
847 851 320460
848 852 17624
849 853 798778
850 854 799971
851 855 750783
852 856 710217
853 857 785720
854 858 467821
855 859 559913
856 860 70904
857 861 294991
858 862 728635
859 863 75784
860 864 210965
861 865 679585
862 866 130108
863 867 150425
864 868 329818
865 869 324432
866 870 487128
867 871 784642
868 872 172083
869 873 841932
870 874 977873
871 875 997572
872 876 308094
873 877 528128
874 878 744387
875 879 939250
876 880 629166
877 881 965787
878 882 331705
879 883 234415
880 884 880474
881 885 444236
882 886 349812
883 887 668026
884 888 193083
885 889 586209
886 890 782868
887 891 827994
888 892 599671
889 893 474073
890 894 737855
891 895 979882
892 896 858206
893 897 447612
894 898 515812
895 899 562558
896 900 889214
897 901 929712
898 902 738397
899 903 555791
900 904 15573
901 905 750173
902 906 818578
903 907 381686
904 908 105955
905 909 104762
906 910 253695
907 911 614499
908 912 825211
909 913 560178
910 914 639473
911 915 64076
912 916 165980
913 917 979583
914 918 21766
915 919 969107
916 920 58887
917 921 502610
918 922 568379
919 923 795963
920 924 718482
921 925 967184
922 926 488296
923 927 453932
924 928 957130
925 929 537631
926 930 528600
927 931 410884
928 932 867000
929 933 569447
930 934 989847
931 935 279532
932 936 165962
933 937 43018
934 938 757265
935 939 539499
936 940 687582
937 941 314238
938 942 765069
939 943 118716
940 944 276127
941 945 770092
942 946 260686
943 947 545179
944 948 527119
945 949 534962
946 950 39331
947 951 162551
948 952 606444
949 953 278481
950 954 672689
951 955 882110
952 956 805312
953 957 317013
954 958 437069
955 959 626289
956 960 517365
957 961 897791
958 962 292657
959 963 626543
960 964 266522
961 965 705105
962 966 664604
963 967 882095
964 968 287048
965 969 463303
966 970 506483
967 971 787518
968 972 602919
969 973 736723
970 974 110090
971 975 52301
972 976 20690
973 977 14112
974 978 604593
975 979 856491
976 980 994533
977 981 902710
978 982 295846
979 983 783209
980 984 572639
980 988 890557
980 992 375988
980 996 70896
981 985 849232
981 989 461921
981 993 873624
981 997 567320
982 986 930457
982 990 374994
982 994 595646
982 998 456442
983 987 54213
983 991 136985
983 995 963031
983 999 650410
984 985 986 987 988 989 990 991 992 993 994 995 996 997 998 999
