1000 295
0 416 22846
416 956 127481
956 606 549480
956 691 499274
956 435 904455
691 830 431592
435 540 827934
435 285 929500
830 560 560448
830 810 295152
285 229 326317
285 761 740553
285 589 566134
810 653 342681
810 54 129546
761 259 677042
589 370 146401
589 932 623117
589 703 403427
54 386 242911
54 519 511161
54 131 864842
259 742 877746
932 996 98275
703 734 138731
131 94 754430
742 723 697284
996 607 786909
996 980 854067
734 197 148702
734 263 762147
94 676 855149
723 632 830055
607 746 682044
980 623 764447
197 201 278755
263 497 929303
263 905 914076
263 3 935388
676 368 728106
676 856 289572
676 195 330368
632 630 207241
632 767 497267
632 919 285451
632 409 356258
746 24 720726
746 112 782113
201 711 373760
905 333 999632
905 605 383247
905 954 140574
3 450 183550
3 45 944168
368 484 3267
856 813 531966
195 349 850747
195 542 273777
195 609 476731
919 641 212595
409 495 988394
24 867 404718
24 837 565344
112 322 563826
112 969 856464
711 652 642775
333 462 869397
954 398 180293
954 426 924807
450 593 901965
45 410 79084
45 192 383591
609 642 296980
609 260 988683
641 372 651393
495 277 480500
867 461 860205
837 345 551908
837 385 98429
837 910 530996
652 326 347222
398 901 14966
426 551 212227
426 132 123235
426 808 977326
593 842 188030
593 177 428259
192 604 590103
192 92 163013
192 858 899486
192 220 314615
260 72 146989
260 485 172741
372 7 153081
277 411 333204
277 943 581479
277 966 42267
461 404 421368
385 129 491639
910 96 677869
326 187 224082
326 704 463
551 270 9713
132 417 943705
132 930 669852
808 170 375203
177 148 261649
177 950 268251
92 319 275753
858 472 11315
220 678 612655
220 984 292426
485 771 390860
485 928 745138
411 636 908074
966 648 60134
96 513 953760
187 429 545986
187 565 35796
704 443 406263
704 681 104802
270 612 937373
170 937 685378
950 125 248847
319 965 178588
472 56 184165
472 238 915933
472 852 79262
472 888 412465
678 61 428350
984 104 377692
771 938 133620
928 456 654656
636 123 551025
648 196 459053
513 19 811627
443 355 793999
443 715 455877
681 818 866340
612 677 633359
965 840 24205
852 60 215466
888 90 957099
888 567 889489
61 659 409554
104 46 646373
104 273 200419
456 334 111143
19 935 599731
19 780 886259
818 744 497172
840 991 769857
60 203 197243
60 879 124996
90 296 98600
567 530 587623
567 992 56401
273 529 139600
273 586 722612
334 756 162556
935 101 321142
780 149 115024
991 180 492464
991 563 784800
203 328 930744
879 198 603492
879 84 249953
530 509 311861
586 851 69276
586 920 730434
756 454 515807
756 860 677072
101 339 20523
149 23 706888
149 816 974510
563 235 154754
328 599 725908
328 654 386913
198 575 846641
84 729 724929
84 917 754542
920 139 921341
454 53 422638
454 432 217160
860 846 309489
860 138 750778
339 871 863561
339 874 302009
816 438 413374
235 793 873883
235 822 348079
235 909 613234
235 882 573530
654 785 591942
139 374 759548
139 671 183308
432 525 10671
138 186 159061
138 354 322159
138 352 97367
138 806 935952
438 78 653281
793 41 417450
822 745 954099
909 191 992563
909 188 449639
882 524 19307
785 341 665406
671 276 858888
354 313 373018
352 457 111469
806 74 361890
806 833 294387
806 430 829691
78 265 507409
745 330 322600
745 582 619743
188 757 125446
524 32 203347
524 953 164409
341 272 380924
341 464 377192
341 650 352534
341 884 132091
276 531 643387
457 162 823699
833 98 647564
833 611 392356
833 248 822061
833 989 145532
430 880 715074
265 378 241257
265 945 789393
582 412 391851
531 800 780796
531 338 99451
531 268 194490
162 28 255255
611 47 618715
248 42 812994
989 610 824317
880 726 441666
880 881 366179
880 118 608283
880 790 298095
880 885 547412
412 526 990800
412 73 738778
800 631 522257
800 421 951198
338 988 116109
268 458 124615
268 136 919364
42 826 172891
42 478 152046
118 581 437636
790 957 82242
790 977 97002
885 283 72103
885 239 111400
885 449 369090
73 590 987387
631 777 514406
421 222 48890
421 814 922336
421 915 229501
988 144 841148
988 17 803168
458 267 987078
458 640 945096
136 760 770027
136 946 598726
478 591 678738
581 831 932839
977 281 538178
977 364 730608
283 428 557424
239 292 262899
239 797 190050
239 77 159088
449 87 902318
449 453 296441
590 568 957960
590 779 668533
777 262 851547
777 633 149239
814 493 151861
915 848 63221
144 172 480780
17 789 382813
640 868 156184
640 70 634636
946 584 876745
591 617 214501
591 669 823817
831 225 672158
831 434 798102
831 75 237507
281 164 267053
281 217 723319
364 579 189414
428 181 987146
797 955 121950
797 67 669390
77 666 70866
77 985 964986
87 807 658532
453 35 924795
262 15 936443
633 166 346714
848 381 225295
848 679 341347
172 802 422502
789 11 976286
789 700 298573
789 903 995364
868 344 701893
70 111 393424
584 182 831697
617 160 134814
617 476 224521
617 64 426157
669 9 889789
669 274 565479
434 403 523728
434 889 371528
75 436 858970
75 280 456905
579 893 577058
181 545 193777
181 976 415898
955 400 857114
67 927 645670
67 875 751848
666 69 597870
985 500 932124
985 805 136919
807 907 955578
35 271 322960
35 616 29183
35 665 325357
679 695 327428
11 26 658824
700 707 370197
903 62 859303
903 618 916774
344 694 36594
111 809 575567
111 573 121885
182 614 999288
64 510 465116
9 798 81190
274 382 683439
274 455 912166
274 658 180364
274 894 815662
889 698 403750
280 687 890857
280 823 897434
280 176 517468
976 724 934622
875 413 3623
69 158 648422
500 844 564570
500 562 88801
805 219 463441
805 233 600319
907 762 467141
907 970 191057
271 119 181523
271 210 825760
665 627 599220
695 859 254252
707 302 808332
707 399 316474
618 252 577246
618 244 356989
694 165 93311
573 325 839352
573 714 495503
573 892 449963
614 324 740521
614 331 869941
510 291 771038
510 855 683542
798 107 864631
798 173 449131
455 255 489953
455 878 787642
658 365 452625
894 206 787401
894 68 879708
698 898 675471
687 243 167827
176 122 87098
176 913 565080
413 549 195838
413 728 958364
413 944 167247
413 308 366322
158 817 870254
158 506 783378
844 102 126746
562 143 796548
219 154 265473
219 151 403001
233 547 727900
233 883 685347
233 237 657968
762 516 566994
210 91 516048
210 315 667553
210 469 133682
627 213 912049
627 994 351257
244 65 664149
165 38 296426
714 781 109216
324 105 88336
331 494 823203
331 705 512623
855 142 628007
855 693 59481
855 444 777842
107 350 459461
173 629 841478
255 318 212106
878 275 482173
365 351 644968
365 384 531841
68 58 582508
913 459 509571
913 59 928351
913 796 289001
728 821 631514
944 743 199240
308 753 734152
308 645 360674
506 952 954415
506 887 912021
143 261 409108
151 766 856803
151 769 18559
547 660 472335
547 811 443406
237 406 952477
237 34 249381
237 471 437262
213 393 112697
213 657 743467
994 431 1544
994 776 861285
65 236 381018
781 397 873959
105 688 661857
494 748 661738
705 621 840448
705 337 56070
693 520 619206
444 258 968880
444 644 140003
350 36 165174
629 661 547057
384 157 596401
384 289 353551
384 512 154319
58 395 913984
58 690 934368
59 872 654741
796 83 912911
821 569 788917
821 538 381584
645 828 307133
645 212 567803
952 48 320203
887 804 114729
887 979 627193
261 891 817775
766 733 70759
811 376 642448
406 282 159758
34 702 708418
471 361 418048
431 505 540253
431 712 309724
236 799 986645
397 738 462036
397 250 988814
397 278 898366
621 390 628587
337 171 123785
258 20 250173
644 845 662023
512 380 318369
512 895 141136
690 662 780995
690 8 909362
83 923 669864
569 533 506976
538 199 442582
212 323 17137
212 367 371051
804 467 209128
804 508 369529
891 481 173577
733 534 320536
361 306 49524
250 556 985301
278 839 582395
390 578 667501
390 480 753219
171 377 397298
845 964 201777
895 128 825565
8 301 500908
923 596 284851
199 314 727361
323 473 246842
323 571 338951
323 803 263896
367 6 649914
367 815 809297
367 933 946421
367 486 811520
534 668 403505
306 876 728880
306 967 511894
556 755 105880
578 598 417121
480 820 158937
480 232 698969
377 501 481593
301 387 824750
301 974 971679
314 126 128695
473 422 99338
815 812 607732
486 978 777168
967 941 319055
755 783 861160
820 675 150003
232 689 137813
501 646 677397
974 718 976215
126 795 853718
941 169 978063
941 309 451295
675 425 308740
689 667 498653
646 521 824923
646 696 13104
646 863 322249
718 460 769946
795 57 936763
169 841 602743
309 264 905296
309 896 390375
425 908 721055
667 137 69579
667 423 321728
667 209 452817
521 697 396934
521 613 517161
696 441 301044
696 491 938602
863 730 494184
863 247 228896
863 624 640906
264 358 749655
908 22 197574
908 829 368961
137 523 543736
423 362 637544
209 113 693660
209 145 946450
209 921 713773
613 643 971230
491 958 791461
730 204 236425
730 234 39211
247 174 821302
247 736 582404
247 85 267166
624 440 640058
624 114 469920
624 595 106544
624 379 782636
358 752 281929
22 588 789314
829 708 78229
362 466 192538
362 79 789404
362 701 287971
145 489 321197
921 214 369274
643 175 6418
958 583 183876
958 479 384431
204 246 194423
234 592 508804
234 827 491786
234 912 71371
234 922 278883
736 208 661466
85 156 568058
85 507 491572
440 76 638978
114 82 218691
114 960 250593
595 754 717024
595 221 990912
595 998 202230
379 320 649958
379 294 964933
708 866 925546
466 490 762936
79 555 736240
701 340 597041
701 251 508677
214 152 574863
214 452 976327
214 427 560905
175 572 405579
583 193 783620
479 63 964337
246 900 511744
922 713 896020
208 316 581335
507 564 984142
507 167 412632
507 230 437344
82 348 676911
960 373 993315
960 962 240702
221 727 876481
221 747 45987
221 778 960959
320 37 985804
320 570 210950
294 961 652517
294 655 994055
340 819 928601
251 546 990005
251 311 652082
251 33 474517
452 674 384682
427 293 545700
427 864 526690
427 241 369771
572 215 649557
572 750 949218
572 597 4173
63 1 894181
63 44 522102
713 25 130444
316 487 302727
167 608 972817
230 360 389778
230 359 136390
348 517 850854
348 692 874804
373 189 432097
962 401 177891
962 580 220062
727 784 813898
747 853 807562
778 918 701209
570 242 722150
961 130 929267
655 299 894934
311 740 180304
33 559 283907
33 772 225012
33 585 462114
674 389 354876
674 710 769531
293 990 802263
864 482 538778
241 773 798052
241 995 580884
750 786 628656
597 843 972371
1 775 39689
44 52 885559
359 968 788607
517 240 520880
692 899 865217
401 231 449787
918 463 175676
242 835 985968
130 402 257188
130 986 24186
299 686 917150
299 925 832165
299 926 267913
740 503 857867
559 383 403491
585 86 149868
585 391 549989
585 972 103452
710 93 865644
482 202 388885
482 651 501123
773 577 225797
995 317 206979
52 99 311990
968 29 759361
968 602 733156
968 363 913509
402 418 464142
986 228 647097
986 535 563055
926 554 746654
503 257 925668
503 600 115150
383 717 702694
391 269 908612
972 832 356422
93 931 929740
651 71 362846
651 959 197890
651 924 401685
577 890 354017
577 788 754854
99 321 601548
363 873 470294
363 369 847839
228 161 352343
228 539 533942
535 511 725108
535 205 635336
554 721 142165
269 622 268101
269 10 883371
832 124 529142
931 942 111412
959 825 961697
924 731 749237
924 749 779510
924 949 315259
924 304 17306
890 335 531995
890 5 253320
788 527 363438
321 838 221429
369 566 689904
369 947 704359
539 483 134223
539 548 285950
539 327 68540
511 496 716445
205 437 214342
721 685 489626
622 906 633321
10 388 705492
124 279 246545
942 963 330438
825 109 424158
749 249 295741
749 346 734302
749 877 944009
949 904 568036
949 133 469513
304 725 776566
5 768 142911
527 847 45471
566 515 357183
947 601 547717
548 159 45940
327 558 71205
327 310 240991
437 31 227094
685 543 134464
906 18 819273
388 492 26088
388 911 556607
279 178 947324
279 356 517309
963 295 926210
346 794 253404
877 226 184050
133 110 406324
133 791 205677
725 993 29596
768 737 807460
847 553 150817
847 716 800948
515 184 651617
601 80 135868
159 55 896966
159 656 490831
558 185 30172
558 394 829242
310 135 864414
31 488 428980
31 699 858581
543 939 615764
543 741 780737
492 27 926180
911 108 200961
178 518 818595
356 95 125825
356 782 23157
295 256 72270
794 735 526689
110 663 283938
791 121 838731
791 649 172775
791 983 850279
737 183 548621
553 477 129136
716 147 819357
80 12 980289
80 975 947051
80 916 948089
394 224 375016
135 680 442851
488 720 629273
699 419 408022
939 353 444948
741 127 970479
27 100 971948
27 150 734945
256 97 796561
663 474 555512
983 288 575580
983 982 326572
183 902 294116
147 936 300201
916 981 288473
419 763 477305
419 155 760211
353 447 7470
127 914 477833
97 43 842847
97 719 769763
474 765 313477
288 163 588612
288 751 571682
902 465 317574
936 342 188841
981 672 435816
981 40 109522
155 420 782331
155 673 592437
447 544 163671
914 312 549733
914 375 154095
914 343 517664
43 574 324433
43 934 168157
719 468 150026
719 940 838942
765 39 414694
751 683 954275
40 81 582982
40 106 734109
40 973 994007
420 200 396536
673 722 896205
673 254 282982
544 134 434407
375 514 704059
375 51 592048
343 528 386511
343 603 108587
940 541 450587
940 366 551076
39 207 690611
683 303 149541
683 216 378008
81 635 133876
106 117 754204
106 66 180202
106 290 224254
200 502 730020
200 732 479745
254 415 743570
254 948 626007
134 857 149284
514 146 234223
51 30 133254
51 357 391780
603 396 608386
603 50 800928
366 770 531080
303 88 318940
216 787 751354
66 587 681474
290 470 47201
502 537 875133
732 21 319723
415 141 640413
415 639 694515
415 758 8326
948 801 458140
30 414 841952
30 634 556408
357 764 474861
50 854 358249
770 664 715878
587 620 644585
470 407 829934
639 305 428200
639 347 9959
758 266 279388
634 16 130071
634 626 995322
764 615 151061
854 637 979618
664 120 156077
407 561 820349
615 332 945249
637 446 76148
637 168 369471
561 862 180377
561 329 928609
168 951 23012
329 865 970332
951 834 362146
951 849 423843
849 286 589116
286 499 247604
286 869 110367
286 550 700639
499 245 939386
499 475 516600
869 997 641087
550 532 683246
475 682 525275
475 897 670638
532 13 169172
682 536 185214
897 987 758904
13 628 609652
536 638 131214
536 307 228016
987 448 592453
628 870 938770
628 445 835431
628 792 551475
307 300 402438
307 861 537622
870 190 446924
445 929 66670
792 179 574432
792 284 188406
190 4 24438
179 115 456391
284 405 725113
4 774 917844
115 594 236515
115 886 520538
405 576 886742
405 999 987852
774 116 578267
594 336 812559
886 287 152939
576 684 514152
999 739 785314
116 552 50060
336 408 133104
287 498 911114
287 557 869767
684 709 251561
684 824 121585
684 140 15112
557 371 241995
557 194 471980
709 297 205589
709 670 957747
140 2 79229
371 227 248021
194 218 170969
2 451 995640
2 442 315372
227 504 114776
218 298 524953
218 850 878346
442 223 651075
442 836 187646
298 706 143063
298 759 125036
850 433 20207
850 439 762388
850 153 569328
850 103 722227
850 971 50269
223 211 825208
759 424 175850
433 89 517921
153 522 315083
103 647 939362
971 619 930439
522 253 894793
619 49 582854
619 625 717502
253 392 796286
625 14 49271
164 374 620 392 896 871 386 224 335 347 38 786 957 542 451 403 899 468 289 757 964 738 843 120 993 945 345 46 549 540 623 161 739 312 635 36 660 884 25 98 861 166 122 400 196 776 441 123 735 801 568 57 835 180 938 834 541 571 184 448 313 616 418 998 546 355 76 399 318 975 686 697 978 330 706 381 317 809 342 650 659 606 238 417 496 857 744 680 163 142 202 446 775 754 389 630 826 487 753 509 231 47 414 395 267 88 252 608 724 767 937 533 282 360 876 53 898 396 605 997 846 979 404 95 351 12 23 588 819 668 193 154 291 782 266 41 969 148 72 537 656 20 215 349 772 7 752 865 610 191 508 743 933 677 408 484 555 545 370 325 647 207 748 481 189 376 574 760 108 460 378 672 929 26 934 49 315 893 982 715 828 529 516 467 185 393 14 32 16 824 48 113 121 497 249 225 853 992 380 302 229 769 157 211 71 55 156 638 206 712 498 463 62 881 925 523 552 477 465 296 436 439 520 970 883 642 21 838 799 28 128 150 217 842 565 973 943 476 592 257 152 462 493 422 146 575 653 596 839 245 125 688 518 332 802 859 91 18 86 836 726 109 872 528 89 525 37 657 812 243 827 504 602 729 874 901 990 912 483 661 526 410 117 862 851 662 917 904 272 489 100 129 866 670 519
