1000 25
0 1 359380
0 2 389280
0 3 86041
0 4 298638
0 5 963940
1 6 880497
2 7 543953
3 8 266701
4 9 763697
5 10 680589
6 11 545047
7 12 195500
8 13 143551
9 14 52746
10 15 948252
11 16 582827
12 17 304171
13 18 610517
14 19 138185
15 20 86802
16 21 985914
17 22 958222
18 23 784300
19 24 885178
20 25 984486
21 26 899153
22 27 713652
23 28 957255
24 29 290085
25 30 602740
26 31 629239
27 32 370227
28 33 891554
29 34 307589
30 35 503409
31 36 701611
32 37 31716
33 38 657962
34 39 131031
35 40 858682
36 41 882117
37 42 458740
38 43 782385
39 44 113714
40 45 183120
41 46 275296
42 47 489219
43 48 9076
44 49 543967
45 50 176787
46 51 850412
47 52 944248
48 53 59507
49 54 521457
50 55 252986
51 56 720017
52 57 376157
53 58 747822
54 59 18596
55 60 561310
56 61 235047
57 62 804700
58 63 237486
59 64 809216
60 65 924315
61 66 167969
62 67 408194
63 68 510538
64 69 759431
65 70 567741
66 71 618490
67 72 454271
68 73 479879
69 74 86229
70 75 826970
71 76 727506
72 77 180332
73 78 371301
74 79 929745
75 80 964126
76 81 651192
77 82 268146
78 83 552567
79 84 775888
80 85 764723
81 86 461063
82 87 100876
83 88 742621
84 89 412632
85 90 893278
86 91 247642
87 92 626227
88 93 755245
89 94 582572
90 95 55840
91 96 366375
92 97 718358
93 98 30026
94 99 182278
95 100 682342
96 101 11348
97 102 819211
98 103 124034
99 104 51692
100 105 367107
101 106 296017
102 107 809328
103 108 276284
104 109 92136
105 110 64369
106 111 47640
107 112 798023
108 113 79609
109 114 861769
110 115 461095
111 116 528573
112 117 346521
113 118 539981
114 119 404396
115 120 143688
116 121 306016
117 122 987106
118 123 567076
119 124 726715
120 125 88594
121 126 861036
122 127 373600
123 128 900734
124 129 809404
125 130 621145
126 131 106190
127 132 610443
128 133 334673
129 134 407442
130 135 708890
131 136 935306
132 137 605621
133 138 655126
134 139 278205
135 140 974578
136 141 747451
137 142 890763
138 143 64473
139 144 951493
140 145 802689
141 146 367887
142 147 1048
143 148 799170
144 149 929652
145 150 560451
146 151 487683
147 152 516103
148 153 465224
149 154 942782
150 155 850704
151 156 156214
152 157 191874
153 158 71632
154 159 363015
155 160 606795
156 161 82040
157 162 303037
158 163 211732
159 164 363497
160 165 930875
161 166 689370
162 167 880928
163 168 516103
164 169 852131
165 170 317581
166 171 59970
167 172 883863
168 173 265869
169 174 412201
170 175 863432
171 176 488591
172 177 450818
173 178 107740
174 179 320232
175 180 799411
176 181 873222
177 182 929037
178 183 8533
179 184 755248
180 185 974121
181 186 645526
182 187 146974
183 188 930221
184 189 348963
185 190 746938
186 191 742030
187 192 231888
188 193 814824
189 194 344189
190 195 743957
191 196 887898
192 197 783622
193 198 132024
194 199 517120
195 200 269368
196 201 547377
197 202 73035
198 203 906254
199 204 954011
200 205 508710
201 206 880660
202 207 59342
203 208 294333
204 209 879746
205 210 941160
206 211 977550
207 212 689234
208 213 213194
209 214 67409
210 215 795564
211 216 954394
212 217 897182
213 218 32869
214 219 915264
215 220 613018
216 221 151699
217 222 199247
218 223 901099
219 224 300287
220 225 80346
221 226 903988
222 227 223945
223 228 8355
224 229 705040
225 230 641326
226 231 193188
227 232 516145
228 233 273320
229 234 820333
230 235 640562
231 236 305918
232 237 572403
233 238 5105
234 239 44202
235 240 176483
236 241 894373
237 242 159735
238 243 885436
239 244 606844
240 245 176133
241 246 585934
242 247 727210
243 248 214556
244 249 650782
245 250 981652
246 251 535601
247 252 190008
248 253 15504
249 254 11229
250 255 720612
251 256 36385
252 257 350002
253 258 653773
254 259 323554
255 260 523082
256 261 591594
257 262 352907
258 263 892069
259 264 549434
260 265 42487
261 266 873829
262 267 488714
263 268 893079
264 269 755972
265 270 647742
266 271 288035
267 272 999996
268 273 471212
269 274 648886
270 275 772147
271 276 143968
272 277 552552
273 278 836777
274 279 473369
275 280 407347
276 281 871756
277 282 736238
278 283 49908
279 284 603002
280 285 696209
281 286 760264
282 287 812167
283 288 37847
284 289 956859
285 290 164010
286 291 8437
287 292 383065
288 293 17629
289 294 817257
290 295 620217
291 296 238274
292 297 494991
293 298 351497
294 299 768691
295 300 59038
296 301 165207
297 302 491191
298 303 238585
299 304 197712
300 305 33624
301 306 284406
302 307 385949
303 308 672714
304 309 310060
305 310 141416
306 311 345044
307 312 420381
308 313 311558
309 314 162402
310 315 109674
311 316 314432
312 317 964997
313 318 621394
314 319 318816
315 320 281038
316 321 548664
317 322 856250
318 323 315392
319 324 518448
320 325 655802
321 326 770080
322 327 97472
323 328 773918
324 329 440036
325 330 95626
326 331 53358
327 332 172820
328 333 197
329 334 280379
330 335 797071
331 336 17740
332 337 581525
333 338 127040
334 339 184294
335 340 533647
336 341 778408
337 342 152303
338 343 762405
339 344 659721
340 345 164318
341 346 641909
342 347 92227
343 348 493204
344 349 778105
345 350 630578
346 351 898656
347 352 480905
348 353 352678
349 354 976226
350 355 792306
351 356 627728
352 357 111168
353 358 103746
354 359 285816
355 360 51629
356 361 170607
357 362 902772
358 363 860819
359 364 387772
360 365 978623
361 366 919192
362 367 409519
363 368 165482
364 369 650972
365 370 344217
366 371 9644
367 372 76708
368 373 652666
369 374 437893
370 375 8999
371 376 662955
372 377 509462
373 378 465506
374 379 937046
375 380 762299
376 381 705372
377 382 853245
378 383 292113
379 384 937841
380 385 447745
381 386 249390
382 387 163985
383 388 738436
384 389 640906
385 390 743842
386 391 379892
387 392 874130
388 393 611661
389 394 888012
390 395 690110
391 396 827060
392 397 211451
393 398 886827
394 399 642674
395 400 257391
396 401 2062
397 402 903072
398 403 192689
399 404 45902
400 405 979830
401 406 566286
402 407 372003
403 408 276657
404 409 954742
405 410 191250
406 411 341819
407 412 711549
408 413 459318
409 414 401909
410 415 443796
411 416 344878
412 417 260701
413 418 367586
414 419 416832
415 420 628705
416 421 94039
417 422 820059
418 423 956206
419 424 82174
420 425 104825
421 426 865939
422 427 871824
423 428 704834
424 429 904740
425 430 847496
426 431 498241
427 432 739725
428 433 241734
429 434 338066
430 435 513732
431 436 538087
432 437 335597
433 438 200683
434 439 2123
435 440 78594
436 441 879947
437 442 71191
438 443 622243
439 444 831446
440 445 255380
441 446 478291
442 447 265938
443 448 454069
444 449 734991
445 450 205274
446 451 622546
447 452 450561
448 453 3410
449 454 606287
450 455 680655
451 456 249583
452 457 627546
453 458 971093
454 459 969943
455 460 542843
456 461 228208
457 462 757891
458 463 597455
459 464 223847
460 465 543977
461 466 794116
462 467 568383
463 468 810330
464 469 2927
465 470 718372
466 471 639285
467 472 466787
468 473 689569
469 474 278429
470 475 393177
471 476 983096
472 477 587525
473 478 224755
474 479 141553
475 480 34304
476 481 846847
477 482 823129
478 483 755771
479 484 625854
480 485 303812
481 486 626122
482 487 945731
483 488 743279
484 489 562395
485 490 137217
486 491 484130
487 492 608703
488 493 355426
489 494 444003
490 495 779061
491 496 933396
492 497 91217
493 498 61340
494 499 940238
495 500 246085
496 501 687067
497 502 785886
498 503 714650
499 504 231134
500 505 723836
501 506 900016
502 507 526416
503 508 715048
504 509 124705
505 510 369700
506 511 888966
507 512 217577
508 513 289221
509 514 226114
510 515 238816
511 516 241785
512 517 243311
513 518 11387
514 519 129867
515 520 389608
516 521 920694
517 522 57786
518 523 362868
519 524 859983
520 525 669496
521 526 528905
522 527 125499
523 528 831273
524 529 339634
525 530 693939
526 531 275418
527 532 539825
528 533 129302
529 534 979319
530 535 893781
531 536 572378
532 537 588908
533 538 675239
534 539 344095
535 540 62283
536 541 57530
537 542 310100
538 543 314413
539 544 906960
540 545 939583
541 546 296021
542 547 948849
543 548 268410
544 549 67335
545 550 426978
546 551 957979
547 552 295256
548 553 203589
549 554 368516
550 555 399135
551 556 775049
552 557 485358
553 558 391557
554 559 321232
555 560 549355
556 561 965562
557 562 114966
558 563 726901
559 564 722930
560 565 593086
561 566 591309
562 567 263949
563 568 875711
564 569 585372
565 570 271463
566 571 698322
567 572 188031
568 573 970463
569 574 793704
570 575 72279
571 576 820883
572 577 706460
573 578 208345
574 579 452444
575 580 134394
576 581 796585
577 582 750642
578 583 518100
579 584 180130
580 585 324559
581 586 123122
582 587 83907
583 588 238142
584 589 695200
585 590 376412
586 591 265469
587 592 326816
588 593 604876
589 594 579629
590 595 422817
591 596 773375
592 597 33584
593 598 355304
594 599 142139
595 600 670693
596 601 340851
597 602 296547
598 603 996101
599 604 735091
600 605 358600
601 606 652663
602 607 465664
603 608 478026
604 609 215756
605 610 645484
606 611 961940
607 612 887885
608 613 466368
609 614 458141
610 615 799810
611 616 852683
612 617 745687
613 618 168330
614 619 890719
615 620 748301
616 621 758809
617 622 931208
618 623 390362
619 624 901321
620 625 166505
621 626 116639
622 627 506378
623 628 690574
624 629 729459
625 630 885470
626 631 464610
627 632 560114
628 633 343321
629 634 422145
630 635 232177
631 636 962274
632 637 678367
633 638 248239
634 639 15561
635 640 643973
636 641 433329
637 642 558085
638 643 573895
639 644 531103
640 645 710469
641 646 459301
642 647 819901
643 648 548009
644 649 682975
645 650 91526
646 651 256146
647 652 445995
648 653 259584
649 654 518726
650 655 160717
651 656 679066
652 657 163942
653 658 608678
654 659 240559
655 660 124880
656 661 111869
657 662 221937
658 663 322978
659 664 927775
660 665 572115
661 666 976405
662 667 576185
663 668 800651
664 669 32266
665 670 320186
666 671 499676
667 672 769093
668 673 119310
669 674 30876
670 675 554908
671 676 425102
672 677 982615
673 678 264194
674 679 974302
675 680 941939
676 681 396670
677 682 432112
678 683 559995
679 684 495397
680 685 271948
681 686 462462
682 687 687467
683 688 786808
684 689 756800
685 690 953441
686 691 808418
687 692 373871
688 693 987366
689 694 150893
690 695 344444
691 696 711686
692 697 288741
693 698 834476
694 699 45115
695 700 681768
696 701 938263
697 702 365333
698 703 117243
699 704 463927
700 705 959809
701 706 813752
702 707 723629
703 708 611556
704 709 820374
705 710 53986
706 711 442536
707 712 223355
708 713 8807
709 714 251004
710 715 246926
711 716 474034
712 717 3029
713 718 362284
714 719 684490
715 720 429164
716 721 533443
717 722 311913
718 723 905048
719 724 707808
720 725 314306
721 726 938026
722 727 540571
723 728 655049
724 729 112586
725 730 872845
726 731 163233
727 732 868079
728 733 749304
729 734 363726
730 735 849593
731 736 214250
732 737 2920
733 738 96263
734 739 779637
735 740 396928
736 741 757231
737 742 206337
738 743 232667
739 744 30596
740 745 403302
741 746 921879
742 747 375585
743 748 819352
744 749 791502
745 750 848723
746 751 154104
747 752 199514
748 753 773726
749 754 842374
750 755 105028
751 756 184149
752 757 945592
753 758 203326
754 759 23069
755 760 620593
756 761 372786
757 762 391767
758 763 667436
759 764 449273
760 765 600083
761 766 240332
762 767 740033
763 768 41398
764 769 32596
765 770 110989
766 771 193117
767 772 906403
768 773 59481
769 774 345510
770 775 588869
771 776 465582
772 777 967944
773 778 103891
774 779 763941
775 780 877219
776 781 234354
777 782 306908
778 783 431373
779 784 815397
780 785 437256
781 786 621375
782 787 572422
783 788 709929
784 789 940443
785 790 63549
786 791 279800
787 792 975441
788 793 470657
789 794 755887
790 795 413522
791 796 905749
792 797 891865
793 798 950984
794 799 934523
795 800 104244
796 801 736545
797 802 925736
798 803 790226
799 804 877429
800 805 878649
801 806 949592
802 807 848902
803 808 987952
804 809 500788
805 810 732455
806 811 418598
807 812 170926
808 813 722692
809 814 397779
810 815 798929
811 816 565340
812 817 693657
813 818 771984
814 819 679274
815 820 524824
816 821 127326
817 822 348205
818 823 746864
819 824 976160
820 825 597930
821 826 230514
822 827 835506
823 828 761921
824 829 922765
825 830 419144
826 831 970347
827 832 806006
828 833 74849
829 834 274534
830 835 184774
831 836 379732
832 837 430846
833 838 458343
834 839 23464
835 840 446244
836 841 120774
837 842 574405
838 843 918359
839 844 870177
840 845 404302
841 846 394812
842 847 338109
843 848 54005
844 849 558123
845 850 29918
846 851 838679
847 852 718983
848 853 139713
849 854 755774
850 855 706851
851 856 54711
852 857 535995
853 858 65891
854 859 90982
855 860 141735
856 861 497363
857 862 985839
858 863 566445
859 864 552553
860 865 167963
861 866 15402
862 867 789497
863 868 434448
864 869 855064
865 870 180178
866 871 908780
867 872 379650
868 873 13667
869 874 74428
870 875 977667
871 876 177274
872 877 58412
873 878 273016
874 879 766742
875 880 587664
876 881 906995
877 882 814393
878 883 334187
879 884 400898
880 885 502142
881 886 440079
882 887 581237
883 888 776175
884 889 326849
885 890 683122
886 891 950971
887 892 630733
888 893 719983
889 894 943838
890 895 715385
891 896 323724
892 897 173196
893 898 777908
894 899 282134
895 900 473477
896 901 352938
897 902 208513
898 903 652654
899 904 531618
900 905 401884
901 906 937465
902 907 69799
903 908 451773
904 909 52632
905 910 860641
906 911 54214
907 912 828703
908 913 348
909 914 745457
910 915 129645
911 916 936133
912 917 571282
913 918 142126
914 919 247222
915 920 24321
916 921 862268
917 922 99359
918 923 777121
919 924 110678
920 925 356762
921 926 7866
922 927 432327
923 928 93718
924 929 685299
925 930 737473
926 931 106878
927 932 191588
928 933 922832
929 934 670663
930 935 82243
931 936 414413
932 937 849179
933 938 207660
934 939 354476
935 940 185419
936 941 78190
937 942 61562
938 943 648099
939 944 232577
940 945 149573
941 946 942089
942 947 682681
943 948 947813
944 949 503332
945 950 321538
946 951 72813
947 952 418392
948 953 410087
949 954 538054
950 955 675248
951 956 498267
952 957 938980
953 958 937512
954 959 966496
955 960 898353
956 961 202443
957 962 908389
958 963 704434
959 964 908650
960 965 848788
961 966 298172
962 967 757105
963 968 614010
964 969 191617
965 970 715550
966 971 752054
967 972 789503
968 973 497364
969 974 42253
970 975 229002
970 980 683329
970 985 828987
970 990 159115
970 995 937716
971 976 329212
971 981 712749
971 986 823475
971 991 409215
971 996 198706
972 977 865525
972 982 667272
972 987 782314
972 992 724285
972 997 356543
973 978 794040
973 983 850806
973 988 691761
973 993 601998
973 998 226953
974 979 608279
974 984 215436
974 989 590970
974 994 205937
974 999 341926
975 976 977 978 979 980 981 982 983 984 985 986 987 988 989 990 991 992 993 994 995 996 997 998 999
