1000 666
0 1 1000000
0 2 1000000
0 3 1000000
0 4 1000000
0 5 1000000
0 6 1000000
0 7 1000000
0 8 1000000
0 9 1000000
0 10 1000000
0 11 1000000
0 12 1000000
0 13 1000000
0 14 1000000
0 15 1000000
0 16 1000000
0 17 1000000
0 18 1000000
0 19 1000000
0 20 1000000
0 21 1000000
0 22 1000000
0 23 1000000
0 24 1000000
0 25 1000000
0 26 1000000
0 27 1000000
0 28 1000000
0 29 1000000
0 30 1000000
0 31 1000000
0 32 1000000
0 33 1000000
0 34 1000000
0 35 1000000
0 36 1000000
0 37 1000000
0 38 1000000
0 39 1000000
0 40 1000000
0 41 1000000
0 42 1000000
0 43 1000000
0 44 1000000
0 45 1000000
0 46 1000000
0 47 1000000
0 48 1000000
0 49 1000000
0 50 1000000
0 51 1000000
0 52 1000000
0 53 1000000
0 54 1000000
0 55 1000000
0 56 1000000
0 57 1000000
0 58 1000000
0 59 1000000
0 60 1000000
0 61 1000000
0 62 1000000
0 63 1000000
0 64 1000000
0 65 1000000
0 66 1000000
0 67 1000000
0 68 1000000
0 69 1000000
0 70 1000000
0 71 1000000
0 72 1000000
0 73 1000000
0 74 1000000
0 75 1000000
0 76 1000000
0 77 1000000
0 78 1000000
0 79 1000000
0 80 1000000
0 81 1000000
0 82 1000000
0 83 1000000
0 84 1000000
0 85 1000000
0 86 1000000
0 87 1000000
0 88 1000000
0 89 1000000
0 90 1000000
0 91 1000000
0 92 1000000
0 93 1000000
0 94 1000000
0 95 1000000
0 96 1000000
0 97 1000000
0 98 1000000
0 99 1000000
0 100 1000000
0 101 1000000
0 102 1000000
0 103 1000000
0 104 1000000
0 105 1000000
0 106 1000000
0 107 1000000
0 108 1000000
0 109 1000000
0 110 1000000
0 111 1000000
0 112 1000000
0 113 1000000
0 114 1000000
0 115 1000000
0 116 1000000
0 117 1000000
0 118 1000000
0 119 1000000
0 120 1000000
0 121 1000000
0 122 1000000
0 123 1000000
0 124 1000000
0 125 1000000
0 126 1000000
0 127 1000000
0 128 1000000
0 129 1000000
0 130 1000000
0 131 1000000
0 132 1000000
0 133 1000000
0 134 1000000
0 135 1000000
0 136 1000000
0 137 1000000
0 138 1000000
0 139 1000000
0 140 1000000
0 141 1000000
0 142 1000000
0 143 1000000
0 144 1000000
0 145 1000000
0 146 1000000
0 147 1000000
0 148 1000000
0 149 1000000
0 150 1000000
0 151 1000000
0 152 1000000
0 153 1000000
0 154 1000000
0 155 1000000
0 156 1000000
0 157 1000000
0 158 1000000
0 159 1000000
0 160 1000000
0 161 1000000
0 162 1000000
0 163 1000000
0 164 1000000
0 165 1000000
0 166 1000000
0 167 1000000
0 168 1000000
0 169 1000000
0 170 1000000
0 171 1000000
0 172 1000000
0 173 1000000
0 174 1000000
0 175 1000000
0 176 1000000
0 177 1000000
0 178 1000000
0 179 1000000
0 180 1000000
0 181 1000000
0 182 1000000
0 183 1000000
0 184 1000000
0 185 1000000
0 186 1000000
0 187 1000000
0 188 1000000
0 189 1000000
0 190 1000000
0 191 1000000
0 192 1000000
0 193 1000000
0 194 1000000
0 195 1000000
0 196 1000000
0 197 1000000
0 198 1000000
0 199 1000000
0 200 1000000
0 201 1000000
0 202 1000000
0 203 1000000
0 204 1000000
0 205 1000000
0 206 1000000
0 207 1000000
0 208 1000000
0 209 1000000
0 210 1000000
0 211 1000000
0 212 1000000
0 213 1000000
0 214 1000000
0 215 1000000
0 216 1000000
0 217 1000000
0 218 1000000
0 219 1000000
0 220 1000000
0 221 1000000
0 222 1000000
0 223 1000000
0 224 1000000
0 225 1000000
0 226 1000000
0 227 1000000
0 228 1000000
0 229 1000000
0 230 1000000
0 231 1000000
0 232 1000000
0 233 1000000
0 234 1000000
0 235 1000000
0 236 1000000
0 237 1000000
0 238 1000000
0 239 1000000
0 240 1000000
0 241 1000000
0 242 1000000
0 243 1000000
0 244 1000000
0 245 1000000
0 246 1000000
0 247 1000000
0 248 1000000
0 249 1000000
0 250 1000000
0 251 1000000
0 252 1000000
0 253 1000000
0 254 1000000
0 255 1000000
0 256 1000000
0 257 1000000
0 258 1000000
0 259 1000000
0 260 1000000
0 261 1000000
0 262 1000000
0 263 1000000
0 264 1000000
0 265 1000000
0 266 1000000
0 267 1000000
0 268 1000000
0 269 1000000
0 270 1000000
0 271 1000000
0 272 1000000
0 273 1000000
0 274 1000000
0 275 1000000
0 276 1000000
0 277 1000000
0 278 1000000
0 279 1000000
0 280 1000000
0 281 1000000
0 282 1000000
0 283 1000000
0 284 1000000
0 285 1000000
0 286 1000000
0 287 1000000
0 288 1000000
0 289 1000000
0 290 1000000
0 291 1000000
0 292 1000000
0 293 1000000
0 294 1000000
0 295 1000000
0 296 1000000
0 297 1000000
0 298 1000000
0 299 1000000
0 300 1000000
0 301 1000000
0 302 1000000
0 303 1000000
0 304 1000000
0 305 1000000
0 306 1000000
0 307 1000000
0 308 1000000
0 309 1000000
0 310 1000000
0 311 1000000
0 312 1000000
0 313 1000000
0 314 1000000
0 315 1000000
0 316 1000000
0 317 1000000
0 318 1000000
0 319 1000000
0 320 1000000
0 321 1000000
0 322 1000000
0 323 1000000
0 324 1000000
0 325 1000000
0 326 1000000
0 327 1000000
0 328 1000000
0 329 1000000
0 330 1000000
0 331 1000000
0 332 1000000
0 333 1000000
1 334 1
1 335 1
2 336 1
2 337 1
3 338 1
3 339 1
4 340 1
4 341 1
5 342 1
5 343 1
6 344 1
6 345 1
7 346 1
7 347 1
8 348 1
8 349 1
9 350 1
9 351 1
10 352 1
10 353 1
11 354 1
11 355 1
12 356 1
12 357 1
13 358 1
13 359 1
14 360 1
14 361 1
15 362 1
15 363 1
16 364 1
16 365 1
17 366 1
17 367 1
18 368 1
18 369 1
19 370 1
19 371 1
20 372 1
20 373 1
21 374 1
21 375 1
22 376 1
22 377 1
23 378 1
23 379 1
24 380 1
24 381 1
25 382 1
25 383 1
26 384 1
26 385 1
27 386 1
27 387 1
28 388 1
28 389 1
29 390 1
29 391 1
30 392 1
30 393 1
31 394 1
31 395 1
32 396 1
32 397 1
33 398 1
33 399 1
34 400 1
34 401 1
35 402 1
35 403 1
36 404 1
36 405 1
37 406 1
37 407 1
38 408 1
38 409 1
39 410 1
39 411 1
40 412 1
40 413 1
41 414 1
41 415 1
42 416 1
42 417 1
43 418 1
43 419 1
44 420 1
44 421 1
45 422 1
45 423 1
46 424 1
46 425 1
47 426 1
47 427 1
48 428 1
48 429 1
49 430 1
49 431 1
50 432 1
50 433 1
51 434 1
51 435 1
52 436 1
52 437 1
53 438 1
53 439 1
54 440 1
54 441 1
55 442 1
55 443 1
56 444 1
56 445 1
57 446 1
57 447 1
58 448 1
58 449 1
59 450 1
59 451 1
60 452 1
60 453 1
61 454 1
61 455 1
62 456 1
62 457 1
63 458 1
63 459 1
64 460 1
64 461 1
65 462 1
65 463 1
66 464 1
66 465 1
67 466 1
67 467 1
68 468 1
68 469 1
69 470 1
69 471 1
70 472 1
70 473 1
71 474 1
71 475 1
72 476 1
72 477 1
73 478 1
73 479 1
74 480 1
74 481 1
75 482 1
75 483 1
76 484 1
76 485 1
77 486 1
77 487 1
78 488 1
78 489 1
79 490 1
79 491 1
80 492 1
80 493 1
81 494 1
81 495 1
82 496 1
82 497 1
83 498 1
83 499 1
84 500 1
84 501 1
85 502 1
85 503 1
86 504 1
86 505 1
87 506 1
87 507 1
88 508 1
88 509 1
89 510 1
89 511 1
90 512 1
90 513 1
91 514 1
91 515 1
92 516 1
92 517 1
93 518 1
93 519 1
94 520 1
94 521 1
95 522 1
95 523 1
96 524 1
96 525 1
97 526 1
97 527 1
98 528 1
98 529 1
99 530 1
99 531 1
100 532 1
100 533 1
101 534 1
101 535 1
102 536 1
102 537 1
103 538 1
103 539 1
104 540 1
104 541 1
105 542 1
105 543 1
106 544 1
106 545 1
107 546 1
107 547 1
108 548 1
108 549 1
109 550 1
109 551 1
110 552 1
110 553 1
111 554 1
111 555 1
112 556 1
112 557 1
113 558 1
113 559 1
114 560 1
114 561 1
115 562 1
115 563 1
116 564 1
116 565 1
117 566 1
117 567 1
118 568 1
118 569 1
119 570 1
119 571 1
120 572 1
120 573 1
121 574 1
121 575 1
122 576 1
122 577 1
123 578 1
123 579 1
124 580 1
124 581 1
125 582 1
125 583 1
126 584 1
126 585 1
127 586 1
127 587 1
128 588 1
128 589 1
129 590 1
129 591 1
130 592 1
130 593 1
131 594 1
131 595 1
132 596 1
132 597 1
133 598 1
133 599 1
134 600 1
134 601 1
135 602 1
135 603 1
136 604 1
136 605 1
137 606 1
137 607 1
138 608 1
138 609 1
139 610 1
139 611 1
140 612 1
140 613 1
141 614 1
141 615 1
142 616 1
142 617 1
143 618 1
143 619 1
144 620 1
144 621 1
145 622 1
145 623 1
146 624 1
146 625 1
147 626 1
147 627 1
148 628 1
148 629 1
149 630 1
149 631 1
150 632 1
150 633 1
151 634 1
151 635 1
152 636 1
152 637 1
153 638 1
153 639 1
154 640 1
154 641 1
155 642 1
155 643 1
156 644 1
156 645 1
157 646 1
157 647 1
158 648 1
158 649 1
159 650 1
159 651 1
160 652 1
160 653 1
161 654 1
161 655 1
162 656 1
162 657 1
163 658 1
163 659 1
164 660 1
164 661 1
165 662 1
165 663 1
166 664 1
166 665 1
167 666 1
167 667 1
168 668 1
168 669 1
169 670 1
169 671 1
170 672 1
170 673 1
171 674 1
171 675 1
172 676 1
172 677 1
173 678 1
173 679 1
174 680 1
174 681 1
175 682 1
175 683 1
176 684 1
176 685 1
177 686 1
177 687 1
178 688 1
178 689 1
179 690 1
179 691 1
180 692 1
180 693 1
181 694 1
181 695 1
182 696 1
182 697 1
183 698 1
183 699 1
184 700 1
184 701 1
185 702 1
185 703 1
186 704 1
186 705 1
187 706 1
187 707 1
188 708 1
188 709 1
189 710 1
189 711 1
190 712 1
190 713 1
191 714 1
191 715 1
192 716 1
192 717 1
193 718 1
193 719 1
194 720 1
194 721 1
195 722 1
195 723 1
196 724 1
196 725 1
197 726 1
197 727 1
198 728 1
198 729 1
199 730 1
199 731 1
200 732 1
200 733 1
201 734 1
201 735 1
202 736 1
202 737 1
203 738 1
203 739 1
204 740 1
204 741 1
205 742 1
205 743 1
206 744 1
206 745 1
207 746 1
207 747 1
208 748 1
208 749 1
209 750 1
209 751 1
210 752 1
210 753 1
211 754 1
211 755 1
212 756 1
212 757 1
213 758 1
213 759 1
214 760 1
214 761 1
215 762 1
215 763 1
216 764 1
216 765 1
217 766 1
217 767 1
218 768 1
218 769 1
219 770 1
219 771 1
220 772 1
220 773 1
221 774 1
221 775 1
222 776 1
222 777 1
223 778 1
223 779 1
224 780 1
224 781 1
225 782 1
225 783 1
226 784 1
226 785 1
227 786 1
227 787 1
228 788 1
228 789 1
229 790 1
229 791 1
230 792 1
230 793 1
231 794 1
231 795 1
232 796 1
232 797 1
233 798 1
233 799 1
234 800 1
234 801 1
235 802 1
235 803 1
236 804 1
236 805 1
237 806 1
237 807 1
238 808 1
238 809 1
239 810 1
239 811 1
240 812 1
240 813 1
241 814 1
241 815 1
242 816 1
242 817 1
243 818 1
243 819 1
244 820 1
244 821 1
245 822 1
245 823 1
246 824 1
246 825 1
247 826 1
247 827 1
248 828 1
248 829 1
249 830 1
249 831 1
250 832 1
250 833 1
251 834 1
251 835 1
252 836 1
252 837 1
253 838 1
253 839 1
254 840 1
254 841 1
255 842 1
255 843 1
256 844 1
256 845 1
257 846 1
257 847 1
258 848 1
258 849 1
259 850 1
259 851 1
260 852 1
260 853 1
261 854 1
261 855 1
262 856 1
262 857 1
263 858 1
263 859 1
264 860 1
264 861 1
265 862 1
265 863 1
266 864 1
266 865 1
267 866 1
267 867 1
268 868 1
268 869 1
269 870 1
269 871 1
270 872 1
270 873 1
271 874 1
271 875 1
272 876 1
272 877 1
273 878 1
273 879 1
274 880 1
274 881 1
275 882 1
275 883 1
276 884 1
276 885 1
277 886 1
277 887 1
278 888 1
278 889 1
279 890 1
279 891 1
280 892 1
280 893 1
281 894 1
281 895 1
282 896 1
282 897 1
283 898 1
283 899 1
284 900 1
284 901 1
285 902 1
285 903 1
286 904 1
286 905 1
287 906 1
287 907 1
288 908 1
288 909 1
289 910 1
289 911 1
290 912 1
290 913 1
291 914 1
291 915 1
292 916 1
292 917 1
293 918 1
293 919 1
294 920 1
294 921 1
295 922 1
295 923 1
296 924 1
296 925 1
297 926 1
297 927 1
298 928 1
298 929 1
299 930 1
299 931 1
300 932 1
300 933 1
301 934 1
301 935 1
302 936 1
302 937 1
303 938 1
303 939 1
304 940 1
304 941 1
305 942 1
305 943 1
306 944 1
306 945 1
307 946 1
307 947 1
308 948 1
308 949 1
309 950 1
309 951 1
310 952 1
310 953 1
311 954 1
311 955 1
312 956 1
312 957 1
313 958 1
313 959 1
314 960 1
314 961 1
315 962 1
315 963 1
316 964 1
316 965 1
317 966 1
317 967 1
318 968 1
318 969 1
319 970 1
319 971 1
320 972 1
320 973 1
321 974 1
321 975 1
322 976 1
322 977 1
323 978 1
323 979 1
324 980 1
324 981 1
325 982 1
325 983 1
326 984 1
326 985 1
327 986 1
327 987 1
328 988 1
328 989 1
329 990 1
329 991 1
330 992 1
330 993 1
331 994 1
331 995 1
332 996 1
332 997 1
333 998 1
333 999 1
334 335 336 337 338 339 340 341 342 343 344 345 346 347 348 349 350 351 352 353 354 355 356 357 358 359 360 361 362 363 364 365 366 367 368 369 370 371 372 373 374 375 376 377 378 379 380 381 382 383 384 385 386 387 388 389 390 391 392 393 394 395 396 397 398 399 400 401 402 403 404 405 406 407 408 409 410 411 412 413 414 415 416 417 418 419 420 421 422 423 424 425 426 427 428 429 430 431 432 433 434 435 436 437 438 439 440 441 442 443 444 445 446 447 448 449 450 451 452 453 454 455 456 457 458 459 460 461 462 463 464 465 466 467 468 469 470 471 472 473 474 475 476 477 478 479 480 481 482 483 484 485 486 487 488 489 490 491 492 493 494 495 496 497 498 499 500 501 502 503 504 505 506 507 508 509 510 511 512 513 514 515 516 517 518 519 520 521 522 523 524 525 526 527 528 529 530 531 532 533 534 535 536 537 538 539 540 541 542 543 544 545 546 547 548 549 550 551 552 553 554 555 556 557 558 559 560 561 562 563 564 565 566 567 568 569 570 571 572 573 574 575 576 577 578 579 580 581 582 583 584 585 586 587 588 589 590 591 592 593 594 595 596 597 598 599 600 601 602 603 604 605 606 607 608 609 610 611 612 613 614 615 616 617 618 619 620 621 622 623 624 625 626 627 628 629 630 631 632 633 634 635 636 637 638 639 640 641 642 643 644 645 646 647 648 649 650 651 652 653 654 655 656 657 658 659 660 661 662 663 664 665 666 667 668 669 670 671 672 673 674 675 676 677 678 679 680 681 682 683 684 685 686 687 688 689 690 691 692 693 694 695 696 697 698 699 700 701 702 703 704 705 706 707 708 709 710 711 712 713 714 715 716 717 718 719 720 721 722 723 724 725 726 727 728 729 730 731 732 733 734 735 736 737 738 739 740 741 742 743 744 745 746 747 748 749 750 751 752 753 754 755 756 757 758 759 760 761 762 763 764 765 766 767 768 769 770 771 772 773 774 775 776 777 778 779 780 781 782 783 784 785 786 787 788 789 790 791 792 793 794 795 796 797 798 799 800 801 802 803 804 805 806 807 808 809 810 811 812 813 814 815 816 817 818 819 820 821 822 823 824 825 826 827 828 829 830 831 832 833 834 835 836 837 838 839 840 841 842 843 844 845 846 847 848 849 850 851 852 853 854 855 856 857 858 859 860 861 862 863 864 865 866 867 868 869 870 871 872 873 874 875 876 877 878 879 880 881 882 883 884 885 886 887 888 889 890 891 892 893 894 895 896 897 898 899 900 901 902 903 904 905 906 907 908 909 910 911 912 913 914 915 916 917 918 919 920 921 922 923 924 925 926 927 928 929 930 931 932 933 934 935 936 937 938 939 940 941 942 943 944 945 946 947 948 949 950 951 952 953 954 955 956 957 958 959 960 961 962 963 964 965 966 967 968 969 970 971 972 973 974 975 976 977 978 979 980 981 982 983 984 985 986 987 988 989 990 991 992 993 994 995 996 997 998 999
