1000 1
0 240 249260
240 220 19609
240 144 525517
240 900 932438
144 389 434936
144 462 400673
144 968 742097
900 558 395654
900 505 457576
389 79 118506
389 430 898881
389 435 5154
389 891 945793
462 215 105989
462 721 685081
462 562 40799
558 33 426986
505 474 281042
505 924 401555
79 403 859645
435 508 347716
435 688 755499
891 611 368327
721 128 265893
721 273 14473
562 580 577163
562 586 101980
562 650 686577
474 671 530432
924 341 305330
586 730 396795
650 370 445763
650 915 483368
671 549 733714
671 896 51974
341 733 385706
341 705 620533
370 178 205438
549 212 554407
733 666 939402
705 983 858575
705 845 756498
178 226 180415
212 53 82856
212 334 11520
666 332 523404
845 578 67733
845 521 758621
226 218 233297
334 458 795178
332 694 83861
332 856 789859
332 752 565982
578 888 435531
521 177 134196
521 13 291663
458 298 884179
752 675 216603
752 466 430337
177 494 429663
177 744 611922
177 766 170596
13 948 736683
298 8 123679
675 662 709345
466 312 843932
466 829 394234
494 576 275538
744 275 956569
948 592 124314
948 923 107645
8 306 390740
662 616 555791
662 656 175037
662 265 830916
662 146 687010
829 69 72741
829 210 893108
829 230 375295
829 657 87196
576 603 415475
275 396 516790
923 939 519772
923 563 616541
265 327 613233
265 851 860662
146 163 900779
657 706 798900
563 599 171623
327 196 399925
327 841 427725
163 947 269120
163 966 25512
163 244 754103
706 885 586635
706 702 612189
599 239 941804
599 534 601196
947 129 805576
244 545 97748
244 3 646313
244 294 846250
702 582 171205
702 343 590026
702 338 80106
534 639 587723
534 194 322371
129 63 75890
545 249 846476
3 325 859811
3 115 843446
294 234 923528
294 584 561296
294 658 455434
343 350 920530
338 573 687230
338 648 493741
338 447 935434
639 379 795328
194 242 987396
249 624 957107
325 192 927563
115 870 684013
234 959 779607
584 903 815539
658 418 361780
350 528 973322
350 145 855399
447 500 157117
447 998 272267
242 393 607143
192 711 87544
870 754 74241
870 820 104978
959 73 373330
903 400 616843
903 682 461813
418 160 707133
418 485 722231
528 448 380058
528 124 611173
528 497 65489
145 1 296216
500 591 742411
500 232 611732
998 740 111395
998 805 822264
998 114 878421
393 175 664994
711 11 430085
400 148 880892
400 317 579062
400 718 649035
682 272 12845
160 256 639199
485 796 926928
485 381 471628
485 280 179418
448 259 316275
124 179 377427
497 88 317637
497 97 742838
1 6 52602
1 488 53446
232 776 334069
805 364 60350
805 798 736469
805 890 11585
805 857 908436
114 207 734698
114 321 250140
175 132 726079
718 649 621077
272 291 27182
272 380 666423
272 724 88632
272 973 100706
256 782 97884
796 460 456649
381 928 675269
381 363 879386
280 109 188354
259 689 644230
179 960 754280
88 15 949171
97 182 783145
488 886 498766
488 674 672386
488 173 290831
776 186 724094
776 635 571896
890 151 324908
857 507 354369
857 955 588208
857 260 664911
207 166 553117
321 12 972889
132 405 809714
649 171 238459
291 201 151948
380 203 583341
380 286 139055
460 625 639366
460 865 457277
928 282 567489
363 472 782980
363 376 762499
109 777 796808
689 717 271010
689 802 595146
960 878 757413
15 20 485507
182 987 218935
886 892 424061
674 697 172157
173 159 192570
173 217 213128
186 585 247037
635 557 41107
507 516 488931
955 980 566820
260 369 590253
260 755 220455
166 397 183119
166 760 383474
12 530 639376
12 227 807751
12 66 29103
405 189 719780
405 872 348017
405 37 8535
171 683 199940
201 26 59742
201 112 705040
282 136 596943
472 102 75108
472 342 668283
376 515 576394
376 475 706136
376 621 59599
777 849 143036
20 463 590388
697 659 483757
217 493 332150
217 517 64962
585 64 496966
585 449 773692
516 477 605114
369 550 452484
755 316 846883
227 606 633587
66 638 307680
66 996 833261
189 692 73240
37 401 565734
37 842 67808
37 48 165534
102 288 994577
102 345 811399
102 261 856543
342 574 540092
475 867 306273
621 421 649683
849 916 577252
849 14 864194
463 290 692731
463 295 21986
659 237 295411
659 513 997082
517 645 70380
517 392 48320
517 809 716384
64 52 681239
64 442 231588
550 19 926775
316 498 43460
316 531 192812
316 383 441512
606 92 572611
606 359 585600
692 287 616147
842 95 30544
48 789 580708
261 453 162785
867 465 803904
867 794 20376
421 988 762699
14 537 870476
290 45 231271
290 31 336285
290 970 339057
295 972 491015
237 176 597901
513 42 514243
513 889 945337
513 602 242299
645 293 485142
392 214 458801
392 231 731688
809 651 868911
809 38 299725
442 89 588475
19 372 377388
19 641 980595
531 642 260924
531 808 6535
383 315 551511
383 382 693611
92 559 862385
359 595 825947
359 927 315621
95 352 777296
789 579 416030
794 339 661120
988 373 280273
537 548 789664
31 21 160630
31 395 972921
970 39 758035
972 67 122856
889 441 326225
889 99 544499
602 676 302467
293 487 600031
214 70 929509
231 324 274490
651 167 439157
38 785 612897
808 844 146897
382 43 316156
559 75 73437
559 792 4326
595 532 622066
579 77 212597
579 415 845406
339 340 713427
373 581 358503
373 279 182446
373 690 744492
548 451 338540
548 301 278484
548 887 223480
548 746 735289
21 120 635238
21 426 610557
395 815 579725
67 846 557723
99 663 330553
99 479 926591
676 729 6146
70 409 923199
324 24 465145
324 673 946055
324 703 787464
167 204 991679
167 727 119896
167 157 609882
785 417 691913
844 753 678513
43 263 835977
43 834 428672
792 596 828404
792 830 245650
532 170 745976
532 904 48159
77 387 86487
415 826 293055
415 258 696537
340 813 739015
581 223 190920
581 605 299355
279 433 55815
690 94 335055
301 764 409720
301 810 849223
746 994 429799
479 478 842013
729 751 275260
157 758 415139
417 911 154712
753 313 220302
834 402 775347
834 995 100158
826 920 116213
258 822 948828
258 937 818733
258 473 554954
813 164 780301
605 831 257171
433 348 952953
433 866 427270
94 613 602611
994 839 838971
994 309 763619
478 353 912206
478 825 515873
478 861 490618
751 784 252378
751 58 925452
911 864 135639
313 748 641398
402 65 808097
402 422 455222
995 385 184031
995 726 590733
995 922 347781
822 349 864462
937 956 851238
473 999 248560
164 551 893304
164 716 968260
866 871 639929
613 444 743072
839 492 796483
309 818 462813
353 765 24915
825 330 927735
784 883 236568
58 267 784239
58 326 590883
864 986 98378
864 978 807823
864 905 278117
65 211 858802
422 877 106986
422 155 379303
422 962 489183
726 138 117514
349 271 59594
956 555 1645
956 96 614558
956 362 28598
716 767 286226
871 930 955822
444 289 792404
444 975 412813
492 787 608412
818 910 633952
765 23 431328
883 817 592709
267 133 659365
326 848 477379
326 416 455887
986 366 41542
986 876 783754
978 538 462198
978 637 343407
905 149 11813
155 398 655816
962 495 216307
962 134 247652
271 55 916368
96 83 44464
96 205 131715
96 743 28584
362 646 509220
767 906 733812
930 554 990397
289 394 228123
289 541 448499
975 467 62223
787 510 327930
787 669 429262
910 795 656748
910 74 183839
848 667 352028
416 632 563240
416 914 834248
538 483 378885
637 481 960731
637 408 895690
149 358 514343
149 575 353454
149 933 881396
398 677 664293
398 778 806489
398 855 896418
134 686 119419
205 708 631021
743 254 820376
743 101 314037
646 953 762780
646 406 589396
906 162 177396
554 811 537259
510 27 405913
669 736 211386
795 188 846652
795 590 213530
795 835 957704
795 56 768288
74 322 269317
74 696 407467
483 626 890787
483 268 244631
408 419 351378
408 800 190976
408 199 825399
575 361 495680
575 514 966523
575 633 419287
933 572 946913
677 750 587528
778 615 909799
855 542 866977
686 523 12507
254 336 970915
101 902 555927
406 618 478885
406 695 751384
162 623 276893
162 588 210337
811 62 617369
811 921 324670
56 213 664208
56 150 326259
322 412 466194
696 668 547284
626 304 123300
268 981 229439
419 456 810273
800 908 861410
199 860 69673
514 278 796943
633 509 804488
633 894 598185
633 490 51226
633 985 216762
572 634 343369
542 620 965663
542 958 572882
523 821 744187
523 971 800809
336 653 87892
902 277 90475
902 946 442660
618 630 648438
695 728 755889
695 241 886776
695 335 82403
588 195 277263
588 734 129661
62 284 231241
62 893 173337
921 770 24156
921 46 134390
213 57 817837
213 314 135892
150 699 735447
150 901 768297
412 184 980470
412 707 868099
412 432 747325
412 190 333079
668 299 581020
668 569 890448
456 553 389058
908 367 923921
908 709 434222
860 489 391792
860 614 627456
490 680 14251
634 434 164045
634 950 197502
620 50 676508
620 480 649142
620 827 441466
971 991 377558
653 526 786604
946 636 568972
241 225 585452
335 100 151544
335 823 594420
195 601 835516
734 535 418597
893 323 716129
46 360 747329
901 913 738448
432 209 785606
190 302 486809
190 107 580279
190 850 597121
299 202 382960
299 546 868962
569 118 186554
614 153 469721
680 247 878960
680 931 55741
434 469 689669
434 165 949691
434 78 85361
434 803 18859
950 276 627142
827 884 807502
526 103 497107
225 837 548250
823 119 339873
823 410 998125
823 862 282784
535 547 665771
535 836 348562
323 158 221033
360 197 980245
360 519 740485
913 833 400917
209 745 216219
209 587 84130
302 600 496112
107 679 808272
107 775 791613
546 793 126505
546 859 262158
118 347 917872
118 925 35937
118 440 746581
153 193 127567
931 452 296591
931 607 457917
931 954 382253
931 982 560213
165 652 770794
78 693 652109
276 85 963262
884 208 294045
884 791 394006
837 320 351942
837 236 572214
862 269 8139
158 169 449187
197 51 921375
519 797 962408
519 936 837322
833 180 732579
745 413 327016
587 41 21123
587 450 708757
600 98 326905
347 221 263904
440 464 244438
440 840 646256
440 117 712950
193 140 897752
954 604 601376
652 297 690462
85 411 484402
791 122 379803
791 378 429494
791 482 517671
791 568 732061
236 732 154175
269 431 265234
269 761 583839
936 233 982473
936 71 848625
180 737 257339
180 420 835399
413 678 653796
450 87 520452
450 82 884921
117 181 862052
117 428 582545
140 390 543108
140 156 402631
604 36 251730
604 30 304535
411 814 597685
411 229 686514
411 228 863336
732 368 159227
761 427 208594
761 533 351409
761 255 532364
71 763 69141
420 142 765875
87 654 326795
82 154 541886
82 768 655379
181 788 345406
428 610 448248
428 355 537503
390 172 519911
390 331 43477
156 105 511601
156 992 491372
156 311 48468
36 529 565024
30 655 173306
30 780 210102
30 858 348443
229 647 125944
228 506 219929
228 130 888048
368 527 618811
533 143 411045
255 328 83984
142 713 18672
142 17 276350
768 2 5581
355 597 11780
355 944 382714
355 622 533797
105 917 696106
992 318 742947
311 672 464222
529 773 760640
529 819 798381
780 147 259418
647 246 419822
130 445 660944
130 384 927899
130 974 371719
328 714 819589
328 187 870872
713 47 135958
713 807 816515
17 496 791191
17 612 96908
17 49 871990
2 80 765256
2 303 179314
944 722 680561
944 863 254127
944 949 259916
622 881 606737
672 266 532321
672 560 578657
672 691 706722
773 308 578781
819 270 608862
246 253 765195
246 976 21144
445 499 704496
384 771 396361
974 769 201609
974 216 604557
714 307 815849
187 661 347479
49 759 93469
49 868 702468
863 300 986211
863 543 383952
881 262 954444
881 951 929771
266 81 989668
560 222 907345
691 404 701515
270 561 985831
270 22 908629
253 161 292802
499 522 852939
769 285 954044
769 874 201811
769 375 842049
216 59 28440
307 110 520854
307 556 11535
307 852 900337
661 454 464391
759 629 443597
222 371 570571
222 235 699459
222 333 734468
404 518 346557
404 993 654674
561 329 244535
22 565 991471
522 719 506704
375 567 401823
375 544 843726
59 701 98393
110 137 528332
454 570 609062
454 457 853930
235 168 496060
235 356 312379
235 9 707106
235 965 887360
235 963 957804
333 723 211318
333 512 933882
518 121 717484
993 116 238130
544 91 432679
544 756 158219
544 935 481938
701 111 216548
701 828 358327
701 35 801689
570 790 254640
457 577 843974
457 60 637193
9 54 978884
963 853 505470
512 106 115798
512 40 818306
91 762 603234
756 471 415062
756 731 280822
756 838 488937
828 926 492400
828 952 917762
35 337 514734
35 377 175155
35 997 851510
790 423 150438
790 969 415231
60 344 980318
54 10 352369
853 710 135898
853 319 372520
106 446 611675
106 932 193324
40 25 264389
762 801 236167
731 589 309973
838 640 987732
952 399 894230
337 461 914661
377 665 707390
377 742 821701
997 183 698512
344 608 3655
10 486 529251
319 18 486042
25 644 306690
25 929 29696
25 424 512061
801 854 22777
640 879 243015
742 977 351634
608 772 520754
608 250 687077
608 354 373191
18 16 163925
644 93 61231
424 909 804345
424 990 147467
977 127 979426
977 897 580854
977 310 105767
250 252 727758
250 407 104450
250 781 524551
354 7 808820
354 443 410070
16 875 231071
93 684 419904
93 898 199755
990 283 12379
990 44 235753
310 251 238473
310 806 130079
310 704 659721
310 470 832697
252 198 3312
407 139 127340
781 847 701182
7 141 130768
7 880 44438
443 455 408664
443 583 252598
443 942 512281
443 292 548461
875 720 20325
898 747 639366
44 670 877260
44 832 840338
251 511 699338
704 135 763892
704 961 382097
470 989 240520
880 757 631767
455 425 23904
292 979 918940
720 501 760088
720 934 215471
720 919 321154
670 200 844783
511 257 879414
135 631 366249
501 712 655295
919 725 895098
919 804 220532
725 305 599262
804 812 412194
804 749 825396
812 4 713667
812 131 924111
812 174 588457
812 869 748201
749 882 774044
131 907 896590
174 957 655000
869 945 788852
882 912 939354
882 108 668149
957 484 483834
957 609 978603
945 34 439453
945 594 642781
945 627 29301
945 113 375
912 125 746448
912 660 998370
912 873 45166
912 941 886211
108 899 548480
484 5 277389
484 741 665127
609 90 193340
609 938 287870
594 274 368116
627 248 476196
113 502 809977
113 437 115141
113 438 632246
873 68 775636
873 735 890627
873 940 871398
899 552 494240
899 429 424709
5 468 42051
5 617 48396
741 374 765356
274 540 961517
248 843 428535
437 564 960601
438 264 477226
438 918 66524
735 566 536493
735 783 408707
735 61 493165
552 786 591410
429 685 159151
429 593 516234
429 386 319027
429 346 432956
374 152 320088
564 687 245730
918 414 591341
783 126 78234
61 238 665202
786 539 814402
593 524 164452
593 698 187841
386 715 730539
346 943 397297
152 123 600226
687 525 157931
414 245 87020
414 799 763688
238 243 40700
238 824 489626
943 84 245052
943 779 844865
123 224 649912
799 32 797823
84 357 591265
779 816 129943
779 984 275329
32 491 113249
32 700 655002
357 967 461321
816 29 222860
491 86 82591
491 739 86386
700 504 21603
700 520 939207
739 296 374042
739 436 765708
520 476 97286
520 619 158804
436 185 185082
619 72 395357
619 964 338566
185 571 878407
185 391 596947
185 281 196032
72 28 935946
964 503 662333
391 365 802466
391 459 802197
391 76 806103
281 598 640833
28 206 641258
28 536 226929
76 738 219568
598 681 635535
598 388 151022
681 351 673202
388 628 927005
388 643 661309
628 104 252157
628 774 437617
643 664 307888
643 219 924303
219 439 740365
219 895 450914
439 191 460989
601
