1000 1
0 609 231418
609 217 658042
609 917 209274
917 604 16572
917 650 766802
917 431 338964
650 288 254383
431 45 97913
431 683 615294
288 640 97023
288 531 270671
45 394 554425
683 57 765398
683 506 673282
683 547 141635
640 595 647008
531 969 202030
394 471 879793
57 492 636197
506 309 436237
506 525 940556
506 758 918690
547 552 971450
595 316 29447
595 537 724316
969 887 619335
492 282 13504
492 296 151096
492 526 860032
492 244 555303
758 503 785858
758 597 728543
758 16 954706
552 925 695128
316 472 818540
244 378 990924
244 27 528753
244 332 871869
503 762 675964
597 240 452370
16 843 127951
16 919 793912
925 100 438989
925 718 734123
27 796 598827
332 126 389316
332 789 593557
332 976 727143
332 644 160433
240 50 271718
240 52 542834
240 256 376530
843 333 125224
919 339 592883
100 81 519217
100 367 375717
718 435 939152
796 643 138891
126 648 147582
644 757 763959
644 861 240519
644 189 107851
52 541 219635
52 534 476673
256 437 390907
333 294 569063
333 357 808934
333 666 39124
339 770 22135
367 764 794476
435 516 794611
643 816 776380
189 787 542305
189 828 810418
189 884 721277
189 606 306938
534 896 246360
437 261 701258
437 803 445493
357 136 623754
770 274 601640
770 960 80106
770 788 422805
516 59 29830
516 529 259234
816 284 964958
606 773 651499
896 152 983474
261 134 899571
803 577 955552
960 857 290061
788 354 923038
788 191 499724
788 29 183318
529 302 481662
773 324 668730
773 532 887569
134 937 222245
577 307 474597
577 677 877132
577 632 897529
191 624 774268
29 334 444982
29 797 651225
302 846 171709
302 772 403072
324 67 168513
532 949 55788
532 734 874238
532 337 111891
677 710 652920
632 438 754809
797 653 907463
846 259 246517
846 948 399850
772 478 172837
772 901 759753
772 98 768063
772 886 885828
67 280 786519
949 455 915651
734 550 854510
734 708 999373
337 783 304611
438 2 744073
438 953 352227
653 317 551443
653 862 840348
259 675 272643
259 723 80708
948 416 958569
901 684 839217
98 763 57687
98 776 873606
886 720 386397
280 870 55331
280 457 454093
455 580 326839
708 973 816005
708 748 340513
783 698 618265
783 542 786524
783 774 92137
2 629 931499
862 382 504762
862 855 155518
862 22 761283
862 997 964844
675 351 569622
723 283 61111
684 120 735736
776 661 704997
776 563 16971
720 688 753136
720 17 838649
870 205 27740
870 986 864499
457 213 740437
457 171 293707
580 190 656462
748 427 458790
542 992 615007
774 448 872916
774 493 361072
382 611 762727
855 221 306597
22 527 510980
22 561 216525
22 247 499144
997 143 669833
997 444 758414
997 459 94574
997 55 251383
351 578 199970
283 860 183559
120 158 838903
120 754 108855
661 24 903316
563 153 59162
563 854 690296
563 900 31387
688 784 991213
17 233 58426
17 920 536003
17 538 600096
171 344 914927
427 166 627324
427 972 934843
493 82 10694
493 767 257809
611 895 292677
221 68 294282
221 369 216876
561 61 987163
247 883 137513
247 418 984074
143 44 698563
143 404 791621
459 265 352426
459 420 978359
459 127 297621
55 614 767559
860 423 310287
860 132 843213
158 586 648603
754 941 93726
24 955 130118
854 104 702853
900 129 900711
784 245 157529
920 87 425844
920 477 440875
920 436 65652
538 954 357078
538 278 525269
344 834 355316
344 990 672870
166 430 318494
166 460 580775
972 125 406982
972 741 761454
972 64 253711
82 350 688885
82 119 293008
767 499 473564
369 906 318824
61 639 117385
418 42 595811
418 662 344293
418 338 736868
127 746 491549
614 21 937503
614 463 7693
614 879 866114
132 469 806818
941 266 865003
941 521 493005
104 77 972370
104 588 592039
129 771 141549
129 654 506614
436 618 518627
954 626 815899
278 554 562493
278 864 348382
834 281 838547
430 172 558130
430 413 347337
125 184 307813
64 99 643351
64 323 817934
350 396 715600
119 78 741837
119 856 577589
119 183 143853
499 428 675374
499 74 847145
499 241 570459
906 372 347402
42 130 892557
662 657 239846
662 215 436704
338 840 498887
338 54 829051
338 978 856676
338 871 192507
879 393 303482
879 546 159947
879 876 754112
266 329 649008
521 509 760050
77 108 326962
654 659 725298
618 387 584799
618 86 714510
554 30 187878
864 403 592387
864 5 55995
864 25 107666
281 676 609542
172 229 612894
413 76 551792
99 249 972848
323 805 63995
78 730 862086
856 701 584613
183 660 606280
428 376 127331
428 744 395619
74 964 499716
241 735 353875
241 51 289283
241 248 709460
372 170 590939
372 737 925171
130 468 457085
130 821 948270
657 824 8575
215 792 915871
215 117 880543
54 711 627851
54 907 165713
54 963 597130
978 375 320667
871 225 914231
871 621 29587
546 305 955644
876 766 726152
876 706 624429
659 405 774852
387 218 820550
387 26 807648
86 269 735079
86 567 635191
30 107 781648
5 192 120103
5 15 124376
25 617 634447
25 14 220321
249 352 439599
249 366 948369
249 693 857517
249 649 753367
805 924 931740
805 36 108601
660 959 476223
964 815 211440
51 505 807206
51 985 848246
248 761 935193
170 151 236407
170 607 970957
737 297 306734
821 974 213753
824 946 199022
792 60 993907
117 945 588584
375 212 129129
225 314 68540
621 111 484831
621 219 242419
766 909 846581
706 681 630176
706 729 86192
706 579 665927
405 8 953921
218 315 582230
218 325 959664
26 497 706254
26 759 637137
26 32 3175
269 462 30282
567 968 434664
567 73 921914
107 545 375760
192 627 165521
15 511 830377
15 811 447638
617 91 940064
617 187 382007
617 880 913556
14 717 71203
14 874 488232
366 434 179324
649 84 372091
649 188 179601
924 575 13205
36 672 703177
959 858 44677
959 139 199987
815 809 715932
505 736 393677
985 400 364079
761 674 343573
297 365 873253
297 831 855690
974 549 110443
945 510 121850
945 987 26288
945 293 679278
212 161 158765
212 79 249133
314 724 716462
314 670 507652
111 642 613620
111 163 776672
219 504 655124
681 850 820379
681 902 540118
729 760 277883
579 439 772690
579 141 708298
579 335 556578
579 956 176756
8 398 901660
8 587 875287
8 682 424334
759 176 577709
32 931 707833
32 389 778617
462 40 516729
968 795 499315
968 208 562609
968 167 867879
73 998 816048
545 755 994472
627 175 993838
511 271 897115
187 295 443684
187 608 698518
187 131 582054
717 214 127426
717 938 830816
874 999 121518
84 390 659078
84 610 484561
188 450 925283
575 689 911312
575 927 189837
672 694 431019
139 447 289187
809 814 80855
674 46 867912
674 306 576471
674 995 672127
365 7 345167
831 562 91629
510 13 253645
293 374 344823
293 474 452101
79 252 86072
670 628 412169
642 440 836005
642 461 784361
642 656 76124
163 3 198943
504 556 382551
504 18 333910
902 313 213947
902 37 617057
760 893 655376
760 464 256171
141 425 970949
141 291 541434
335 424 378313
335 114 108079
956 177 765182
956 836 259128
587 465 402444
587 651 713469
587 598 700628
587 728 446955
682 174 246547
682 558 300812
176 69 998788
931 592 605824
389 408 484713
389 819 346564
389 353 780488
389 961 495509
795 35 11139
208 347 959579
208 539 152248
167 360 857528
998 211 814517
998 574 708897
755 491 895817
295 410 343439
295 498 267883
131 852 445374
938 702 822295
938 810 965381
999 899 128940
450 793 565469
450 921 380810
450 641 806403
689 812 11873
927 346 5130
927 584 891476
694 616 407099
447 196 481833
447 962 265713
814 663 921987
995 570 96772
562 23 679292
13 557 40311
374 679 388423
474 891 82193
252 118 665837
628 355 16976
628 603 374198
656 12 897946
656 426 624694
656 253 730431
656 903 145264
3 740 903878
556 446 867862
18 905 446431
18 106 272797
18 97 733542
313 441 209690
37 779 21782
893 156 605582
893 453 592611
464 123 212122
425 596 615073
291 47 429682
291 364 131292
424 700 639707
424 928 903929
114 207 530305
114 977 846842
836 830 471797
651 645 415414
598 553 502837
728 705 224387
174 451 118730
174 942 904742
558 535 963558
558 576 736429
558 982 568703
353 866 571779
961 849 259948
961 975 490838
35 198 470005
35 507 649432
347 142 580978
347 548 717872
539 786 421086
360 38 275659
360 442 439915
360 102 694174
360 179 136345
211 778 740366
211 851 639443
574 692 124540
574 71 812785
574 251 856839
491 636 473382
810 571 90470
899 386 567910
921 168 767932
641 223 24680
641 936 628330
812 279 45627
584 947 678880
616 981 113700
570 966 316385
679 222 248047
891 798 878910
118 432 418501
118 345 441242
355 285 573730
603 806 884863
12 62 817600
253 551 704504
253 419 347751
903 794 497448
740 712 833653
446 555 211731
106 933 24795
97 483 459050
97 768 598611
97 63 934209
779 373 512530
453 802 52452
123 751 629994
123 989 424795
364 655 957289
364 801 344701
977 257 769603
830 731 510658
553 90 938126
705 31 397977
451 501 536146
576 686 822004
982 206 663295
866 407 801247
975 487 927156
507 159 27565
507 220 442211
142 311 750176
548 633 26349
786 808 668632
102 227 108654
179 892 378978
692 199 344241
71 392 341196
71 181 502421
251 875 262441
636 721 676920
386 409 586512
279 254 932769
222 500 33985
798 520 333285
798 260 144458
345 646 568984
806 20 992491
806 565 625377
551 138 183337
551 429 731225
419 602 207213
419 605 733283
794 162 515195
712 637 223497
555 88 429580
555 238 848115
555 489 537180
555 727 952588
555 897 653183
933 1 44873
933 594 183492
483 149 418556
768 589 423529
63 612 68923
63 321 333118
751 716 769162
751 336 852100
655 195 254276
801 859 128320
257 625 770548
257 929 988245
731 275 598650
731 343 167415
90 872 665218
31 402 723748
31 898 771025
501 262 513295
501 544 17138
487 765 161218
808 226 769523
227 914 967491
227 715 98942
892 290 585083
892 844 866077
892 980 493508
199 443 872179
181 780 557299
875 185 753016
875 750 994195
875 993 174364
409 957 532344
500 983 595822
260 848 578218
646 147 759856
20 820 291309
565 940 522795
162 391 507877
637 96 366219
637 135 872210
727 647 31642
897 742 569379
149 328 162428
589 258 806212
589 853 860349
321 194 749880
321 475 493309
321 180 63919
716 330 690900
716 823 474340
336 847 488091
195 308 822647
195 362 810527
859 237 236515
859 634 95798
625 292 370831
929 300 388708
275 160 361261
275 94 321105
343 304 770168
343 638 515534
872 33 728367
765 9 711852
914 327 227439
715 110 806618
844 494 339387
983 473 874400
848 540 312337
147 619 381417
147 368 969631
147 958 645933
820 103 569723
940 476 727877
940 726 774420
96 150 596697
135 664 427130
742 523 532230
853 691 234676
853 671 379952
194 743 158415
475 804 568430
180 782 692287
823 667 338876
237 4 906958
237 361 787465
634 838 365888
292 113 497310
300 232 437445
300 466 569879
300 714 376412
94 230 388202
638 536 715601
638 696 8767
33 128 153323
33 865 569325
9 6 195635
9 984 254669
110 421 133044
110 568 760466
494 58 724504
494 348 860032
494 818 368567
473 799 286722
540 490 530243
540 988 884308
619 202 884865
368 277 208379
476 680 653121
726 320 409610
664 932 249676
523 243 416217
671 164 378041
671 385 487355
804 11 381158
804 867 839795
782 224 820408
782 934 493806
782 289 69483
714 85 520080
696 996 613937
128 713 473469
128 826 693018
6 922 396288
984 775 751349
568 124 957533
568 752 892742
568 415 905120
58 777 257853
58 239 831014
348 935 336766
818 298 978702
818 210 853604
799 835 222073
202 264 882133
277 322 598578
320 678 868260
932 943 100468
243 839 38357
385 630 15249
385 745 728415
11 685 367849
11 722 243592
934 116 374113
934 704 938700
289 452 641446
289 572 300566
713 401 131190
922 599 279720
415 825 451292
415 915 574525
239 833 724851
298 533 128383
210 342 741538
210 635 12888
210 800 426827
322 486 799334
322 841 481384
678 358 530287
943 517 93860
839 182 519929
630 48 837018
722 236 315522
704 703 162555
704 573 903353
572 121 675270
825 203 509554
825 479 371716
915 381 942058
915 585 324591
915 95 664214
342 246 291129
800 873 774992
800 582 429647
182 591 912658
48 566 146252
48 738 631212
573 515 861481
573 144 110684
573 822 713643
121 502 260478
479 950 585837
585 519 161504
585 894 40275
95 255 525229
95 658 306752
95 965 319767
873 560 116925
873 889 859938
582 267 214277
582 109 534395
582 583 646423
582 877 14398
738 709 308367
144 349 239614
144 749 573017
822 359 234322
822 49 385066
502 299 921665
519 590 240234
519 790 284720
255 286 827201
889 832 963841
109 631 469682
583 524 800886
583 652 973336
877 458 649622
877 235 699481
709 456 13925
349 122 374625
359 377 560236
49 695 624560
49 449 274451
49 482 150968
299 356 426046
299 613 552672
299 687 917451
299 384 926607
590 668 856908
286 75 920445
631 70 455936
524 200 769135
652 209 702514
458 34 657315
458 263 269684
235 622 203624
235 137 935406
377 690 921402
449 845 691941
482 66 782770
482 707 112123
356 522 161118
613 231 349914
613 133 478726
613 620 35967
384 388 277467
384 340 45290
384 112 559313
75 72 893732
200 417 523334
209 791 50222
263 250 576008
263 593 929864
137 863 830627
137 885 995670
707 881 374889
133 615 497933
340 169 744780
340 912 156165
112 319 704122
112 725 839515
72 272 981278
417 148 688645
791 559 222334
250 273 237637
250 673 920684
250 201 126639
250 910 894741
593 480 138273
593 581 417898
863 747 117741
885 10 445057
881 65 508111
881 908 287919
169 234 51717
912 926 768307
725 216 858360
725 827 702392
725 739 492435
559 623 74172
201 268 630716
201 733 94404
480 19 26304
480 781 665776
581 837 936972
581 923 194820
747 911 441009
10 331 818930
10 952 379095
908 379 575344
926 669 216799
827 397 838777
827 414 118250
827 173 467998
827 467 251709
739 930 483510
733 433 94296
911 697 43634
952 569 926704
397 395 452245
173 399 158911
173 470 249979
467 326 861150
467 454 38958
467 412 453740
930 530 128350
930 888 199115
930 53 668832
930 193 137818
433 145 471688
697 769 367497
697 890 77284
399 39 960553
454 363 756152
412 485 387252
412 785 640068
53 600 195750
53 228 243524
193 807 198965
145 514 209473
769 406 999955
769 719 777642
890 242 561607
39 89 526188
39 445 814285
485 370 348057
228 904 917504
807 918 491098
514 869 347899
242 312 164328
918 310 357293
312 383 539773
310 341 216314
310 970 665372
310 41 111594
383 165 561341
341 913 805136
970 154 123113
41 28 190730
913 186 139076
28 488 321263
186 93 473113
488 92 965942
93 422 151782
93 276 844596
92 944 919069
92 197 420064
276 829 92719
197 732 802394
829 699 787598
732 287 340819
699 518 309439
287 543 126271
287 508 24638
287 83 758480
518 484 493505
508 318 534782
508 513 196721
83 146 885053
83 204 472791
83 994 278584
484 140 920519
318 155 272987
513 115 64052
204 665 257457
204 411 573026
994 496 481926
994 951 73082
994 481 931521
140 303 682913
140 878 153166
155 882 534445
115 939 734913
411 967 939382
951 380 624401
951 753 656336
951 813 926922
951 101 499778
481 916 184387
939 512 103455
967 270 691999
967 979 674351
380 43 639727
380 56 653215
101 601 77997
916 991 137835
512 371 762482
512 80 783736
512 756 371022
270 971 306828
601 842 622958
80 528 840824
756 178 104835
971 817 725128
842 105 228908
842 564 974900
178 157 533762
817 301 686674
817 495 301615
157 868 510030
43
