1000 357
0 441 771865
0 263 795888
263 516 145243
263 39 722265
516 355 383791
516 407 615526
39 623 388250
39 32 16662
39 978 805950
39 506 602777
355 201 425262
355 611 23299
407 617 695362
623 374 808573
32 411 31514
978 174 81966
506 431 582540
506 438 42696
617 340 653233
374 453 676181
374 126 144745
411 651 979035
174 682 603208
431 945 392844
438 80 441071
438 749 648194
438 609 87346
340 319 191986
126 654 327518
651 808 928336
682 589 834203
682 902 347083
682 81 896067
80 362 664493
749 661 748880
609 253 326667
319 943 698058
319 814 941055
654 573 122333
808 840 604526
808 981 17909
902 323 599758
81 96 622098
253 292 723449
253 632 313329
943 65 810104
814 489 136753
840 61 692581
323 169 402836
323 673 276881
96 163 818864
292 223 671841
632 71 401937
632 310 435814
632 994 367063
632 429 807922
65 921 362716
489 399 189735
489 112 112851
489 977 835733
169 267 481531
163 785 370610
163 850 74610
163 456 778648
223 64 143356
223 728 90599
223 962 125582
310 923 961742
994 563 163183
429 561 585869
921 152 84363
112 184 628025
977 257 960256
267 134 608190
267 497 535232
850 187 486233
456 894 439769
962 713 299521
563 971 103968
561 341 914258
561 999 369699
152 534 878596
152 639 244171
184 724 552904
257 595 773032
257 805 315716
187 338 540880
894 34 385873
894 127 381474
713 299 153269
971 288 457940
534 410 648657
534 788 43823
639 124 172718
639 274 580495
639 768 906266
805 408 397143
127 229 137644
410 251 229688
788 603 657741
124 388 908585
274 718 458910
768 934 159015
768 764 354476
408 154 485729
408 562 559797
408 128 806028
229 252 310815
718 181 364408
934 572 902128
764 352 699906
764 700 923645
764 946 303948
128 521 146598
128 638 356443
252 825 549328
252 20 572293
181 347 943354
572 798 662079
700 97 971929
946 401 626557
946 432 219530
638 834 323907
638 191 761063
825 4 591506
20 415 138261
798 221 964022
97 843 502524
401 27 426492
432 732 275146
432 762 380891
191 89 218860
415 975 479096
415 924 697344
415 237 38386
762 940 481860
89 566 266607
924 736 115847
924 149 246529
237 464 209454
237 238 244608
940 8 985498
940 548 798747
566 553 507390
566 783 414048
736 701 603602
149 439 135034
238 784 250286
553 459 732456
783 710 497588
701 832 655808
439 782 827456
439 979 634371
784 486 116592
784 817 692415
784 349 313703
784 949 756710
710 387 622379
710 545 229602
710 712 259778
832 599 946012
979 621 231805
979 141 112509
486 861 757702
817 634 504380
349 248 612623
949 806 375404
949 916 761774
949 903 161637
712 296 230643
141 769 346521
634 443 778861
634 451 805270
634 220 717155
248 283 730340
806 422 294545
916 85 720584
916 862 912804
916 145 948466
916 117 644982
903 239 94787
903 938 812938
903 539 560392
296 178 372424
296 859 514231
296 47 968317
769 967 421563
769 615 811413
769 958 746038
443 177 941969
443 528 277177
443 644 360303
451 462 952333
451 901 888594
220 655 201967
220 77 410183
283 487 424576
283 826 660599
85 139 970897
862 206 728061
145 86 596329
145 740 819070
117 386 36913
117 246 859982
239 353 990512
938 877 120764
938 120 310047
539 455 259342
178 773 823663
859 356 789323
859 796 751608
47 216 856052
47 725 572487
47 643 479042
615 396 201323
958 203 428106
177 95 965530
77 909 760491
487 490 922706
826 477 479810
826 743 79971
139 406 444921
206 911 168455
86 478 231169
740 254 152670
740 838 430271
246 471 400198
246 991 152380
353 754 647562
120 746 516827
455 70 960944
455 899 318868
455 442 754735
455 708 375038
356 192 415676
725 333 157965
643 148 826429
643 693 891437
396 596 841680
203 232 305964
203 194 627045
909 185 770319
909 960 535345
477 515 10460
743 920 109287
911 612 838980
911 854 223072
478 38 535906
478 774 812322
254 468 177501
254 860 998479
838 986 409491
471 265 135039
471 810 553837
746 107 152504
746 927 615538
70 335 29016
899 26 785122
899 57 29965
442 935 241124
708 517 493815
708 868 312232
708 913 808322
708 111 108338
192 582 189874
333 910 318693
693 369 834504
596 189 200355
596 886 427580
232 433 304285
194 403 302600
194 763 617853
960 384 193857
920 587 898981
920 196 441559
920 301 598619
612 847 124329
468 524 68390
860 210 237848
986 344 853856
986 188 574817
810 684 161842
107 16 205608
107 510 842635
335 846 764049
935 44 358968
517 474 105242
913 136 594108
111 289 943109
111 647 881888
582 776 701656
910 78 892404
910 536 555972
910 295 921109
369 990 944544
189 564 958981
886 697 916187
886 635 602993
886 3 847761
763 649 762768
763 368 562185
196 472 193372
301 72 535960
188 538 945328
188 900 255935
846 575 350774
846 588 361188
474 756 361928
136 671 75151
136 268 638430
647 395 865542
776 600 623431
78 209 45612
295 160 85222
295 755 742440
990 102 505073
564 875 805711
697 530 778559
635 302 870709
3 880 877244
3 984 403033
649 664 503610
368 172 990832
368 507 857256
368 495 244760
472 953 909252
72 970 456477
671 663 733807
268 266 335800
268 996 693287
395 998 703815
160 60 441255
160 699 308665
160 789 882132
755 400 744634
755 948 625944
302 735 320378
302 835 235141
302 418 485107
302 676 244382
880 448 42090
664 217 478359
495 863 164761
495 537 242068
495 316 714574
663 947 357493
266 135 187347
996 657 200356
996 842 935246
998 686 494503
998 867 434551
60 382 796668
789 544 688170
418 228 976881
418 702 676450
418 954 178584
676 320 518447
676 413 898046
217 11 599699
537 928 636220
316 888 444578
316 33 684006
947 583 888718
135 108 365111
135 325 94726
842 815 281896
867 878 855821
382 50 914920
320 43 289294
413 944 13776
413 79 198165
928 555 850968
888 277 553632
33 240 286841
815 983 932202
878 857 523895
878 129 533054
50 244 141326
50 585 976021
50 601 817791
43 543 466751
944 366 984555
944 706 240963
79 677 240148
555 213 751799
240 59 124352
240 992 376283
240 767 98515
983 964 539394
857 242 8346
857 802 117262
129 321 119289
129 425 721928
585 481 337321
366 218 140189
366 705 353942
677 66 900207
677 306 754493
677 790 356789
213 469 704605
59 222 670701
767 637 292609
964 383 888882
964 49 851549
964 115 733334
242 670 375163
802 592 496599
321 10 993138
321 255 840573
321 809 172419
425 420 130053
425 434 236787
481 567 126740
306 205 667948
306 390 82749
306 514 128608
790 350 220936
790 961 171203
790 744 227296
469 45 369002
469 436 373286
222 627 554219
222 631 839263
637 150 706119
637 760 990933
49 5 334952
49 570 757368
115 7 928883
115 531 639037
670 123 235772
592 359 446960
420 734 305714
434 190 104364
434 956 355798
434 963 910494
390 525 990415
514 520 607480
514 787 517224
350 116 820470
961 729 526065
744 125 364898
744 391 625544
45 373 579955
631 883 642645
760 314 413506
760 606 606869
760 512 65204
7 250 694191
7 447 234768
531 193 945430
123 392 98999
359 851 486893
956 173 725716
963 771 505405
116 765 610841
116 101 152815
125 332 4016
125 591 10431
391 691 731560
373 73 797007
883 339 582706
512 90 985160
512 58 700556
250 820 96588
447 535 24207
447 665 571164
447 620 786686
193 578 770820
392 198 544201
392 361 677099
851 479 486991
173 275 392182
173 624 553679
771 613 202972
765 371 505002
101 480 955730
101 761 475684
101 330 168518
332 569 253993
332 629 37707
332 659 409378
591 865 624281
691 687 332947
339 794 829988
90 461 517812
58 63 618208
58 100 694623
58 845 754828
820 727 349731
665 68 292270
620 890 124522
578 995 926296
479 195 493889
275 74 843635
624 234 450007
624 327 956561
613 813 458478
330 824 927438
569 619 266926
659 800 427289
865 142 540433
687 974 819833
461 546 9620
845 286 991387
727 377 545639
68 62 846497
813 852 598292
800 648 537700
142 786 14500
974 444 335453
546 354 652539
546 602 431843
286 636 843671
286 144 125783
62 423 163497
852 738 534740
786 51 475297
354 719 216002
602 398 314023
636 668 563892
636 549 402189
144 414 506564
144 264 134951
738 558 104841
738 450 412069
51 597 139419
719 200 320361
398 31 704020
668 973 45942
549 716 663074
549 830 384567
549 260 458855
264 17 21985
558 25 706566
558 35 149121
450 895 499388
31 807 990276
830 662 714765
260 777 215707
260 494 217326
17 730 127127
17 293 447140
895 92 700556
807 315 348144
807 887 804555
662 509 608361
494 280 811578
730 831 160425
293 258 870627
293 91 480271
293 640 41412
315 792 958979
887 207 125555
887 365 883768
509 427 277215
280 300 639080
91 748 523096
640 426 911251
640 614 318719
640 305 901136
792 581 461387
207 823 83076
365 667 73652
365 272 215319
365 959 933814
427 532 526858
300 249 121801
300 345 882807
614 529 377003
614 159 668403
305 930 642915
305 287 525988
305 460 213881
581 551 982186
823 155 824501
823 799 785174
667 30 830585
667 779 851001
272 14 263080
959 118 136113
249 681 111052
345 19 588670
159 230 780078
159 876 332006
287 53 699430
287 554 69009
287 208 461589
287 879 764512
460 346 895232
155 476 756926
799 270 189060
799 565 493424
799 837 485308
799 722 150110
30 42 857271
779 703 700464
14 914 496600
681 167 73904
19 933 989417
19 966 681759
53 389 577070
554 379 428753
208 445 746701
208 818 992516
879 709 150132
346 131 284884
346 269 566793
346 393 968635
565 336 596805
722 294 269262
722 273 829975
167 416 412060
933 137 708215
966 402 268201
389 326 164152
379 483 118543
379 905 39155
818 276 451489
709 751 836685
709 731 371621
269 855 355114
393 409 443345
393 151 239255
273 864 712596
402 844 506987
402 607 430282
326 454 135513
483 412 435081
276 669 672861
751 119 274371
731 660 141930
731 982 146992
409 313 704349
151 937 101670
864 593 581094
844 759 814603
607 502 933488
607 828 579801
412 739 72778
669 952 664972
119 309 443392
119 470 332923
660 552 249435
660 157 204967
660 871 416830
982 28 924457
313 331 592967
313 766 429393
937 513 540327
937 284 167766
828 780 10777
470 204 550984
470 918 612549
470 942 46059
552 752 715653
157 99 703632
871 133 587238
871 932 547947
28 52 401494
28 182 324847
28 505 227604
331 278 391278
766 955 958319
284 866 584640
284 870 638837
284 997 549488
780 15 924758
780 308 157528
780 989 588449
204 908 506464
918 75 266362
942 812 731218
99 106 28596
932 93 767485
52 466 850434
182 931 944773
505 317 520306
278 404 304088
997 381 91578
989 291 622727
75 164 598446
75 215 155661
812 491 252911
812 678 986121
812 161 825911
106 186 400160
106 720 217683
466 475 515414
931 2 579413
317 83 615084
317 243 595188
404 304 654838
404 672 921060
381 972 379377
215 827 291733
678 348 783222
678 504 136998
161 485 631385
161 666 455140
720 695 866569
720 650 245820
720 907 193493
243 452 806232
243 745 865498
243 721 536824
972 492 347578
972 610 79685
972 646 853685
504 772 426139
485 853 968032
485 658 226091
666 376 385811
650 841 779214
650 898 17799
452 36 677802
745 367 480848
745 580 479370
721 380 397259
721 318 987261
646 372 783813
772 109 801589
658 183 402763
658 893 260023
376 897 366053
376 904 172375
36 856 481903
580 980 973139
580 919 375389
380 219 774650
318 775 229953
318 435 807100
318 976 104456
372 518 369624
109 54 454899
109 717 577311
183 357 375573
897 394 700465
904 816 554549
904 24 137698
904 55 963153
919 542 720279
919 113 452676
775 793 69683
775 105 755755
435 922 509364
976 508 401770
976 449 150781
976 968 364289
976 874 848966
24 753 379129
24 282 693457
24 69 389693
55 501 438794
55 84 196185
113 307 85751
105 297 573452
922 833 461700
508 261 834414
449 279 355430
968 88 579852
874 884 671481
282 226 132487
69 917 716194
501 811 137876
84 584 120736
307 689 765997
307 533 122806
297 541 823700
261 67 262156
279 138 757043
279 496 19393
279 925 610726
88 586 851207
884 985 867920
884 758 156325
884 21 158122
226 839 875685
917 488 235481
811 231 313587
584 37 416053
689 114 316562
689 241 479770
533 363 26972
533 493 235667
533 757 877544
533 950 874643
533 225 152791
533 858 65120
541 121 630668
67 540 544920
496 550 595372
496 337 886261
925 98 512966
925 247 280694
925 511 945939
925 324 82073
758 747 964168
21 882 966907
231 547 598052
231 560 243685
231 741 867003
37 571 576187
37 630 819186
241 556 858609
241 674 591542
493 202 612321
225 598 292175
858 822 774017
858 212 681888
121 797 140330
540 804 871136
337 590 865613
337 819 175075
324 523 415653
324 778 147845
747 690 889119
882 993 294573
560 6 731219
560 256 744865
630 110 375049
630 500 525788
598 397 434066
212 987 956123
797 358 118500
804 40 60399
804 645 891164
819 821 784997
778 473 471128
690 312 963020
690 869 617311
993 298 848074
993 652 546760
500 906 473451
500 969 477758
397 484 855778
397 683 782985
397 680 104543
397 641 112452
358 503 179522
645 329 748894
645 13 40111
821 421 659400
473 694 628271
312 926 862956
869 180 609562
869 715 532709
906 168 547695
680 892 890154
680 9 877568
641 965 782767
503 463 377720
503 618 92310
13 576 698647
13 82 233284
13 364 238077
421 711 956922
694 328 790454
926 557 312044
180 440 519125
715 56 805070
892 199 619546
892 211 179206
9 656 438740
9 873 88595
9 951 138857
965 698 820711
965 941 37839
82 605 887890
82 375 424349
82 626 859387
364 156 283861
364 829 838395
711 171 989062
557 430 816926
557 692 822316
56 29 260874
56 146 616352
56 737 358733
873 770 949169
951 175 448791
951 836 269359
951 688 17443
698 742 901161
698 608 502659
941 723 234794
941 162 181811
941 166 1456
605 574 269143
605 458 402099
375 679 104460
626 685 408875
156 236 776428
829 378 551125
430 594 346962
146 559 531959
146 912 240304
737 881 951798
770 872 140966
688 214 423756
688 245 644368
688 104 12965
608 467 392655
162 781 626028
166 519 574040
166 707 518067
166 791 669374
458 405 615812
378 311 703489
912 625 594093
912 424 179875
881 370 180321
872 197 949861
214 153 17675
245 87 863376
104 482 670491
467 498 950808
467 170 975643
781 428 3059
781 165 792504
707 46 345536
405 147 608883
311 465 442019
311 122 629636
424 281 812643
424 271 703302
370 76 413628
370 988 335151
197 419 828866
197 750 305552
482 795 493241
498 446 880950
170 41 449381
428 579 773807
165 628 443427
46 227 925170
147 675 402662
465 704 76927
122 1 670752
122 891 164850
281 351 362460
271 158 516314
988 801 27483
988 343 138261
419 714 899616
795 12 452841
795 437 969431
446 334 11073
41 896 133591
41 23 358063
579 417 138285
628 262 534189
628 360 953421
227 527 991442
675 342 236480
891 224 67737
158 130 33136
158 803 127608
343 290 913898
714 568 515341
437 322 101346
437 522 687254
896 303 467313
896 385 802951
896 653 499211
23 936 15012
130 285 745093
290 848 374024
568 526 788186
568 733 821814
322 179 847504
322 233 945930
322 94 131109
522 132 562055
385 633 924983
653 140 50878
848 849 753362
848 929 58710
179 18 454084
94 726 290335
132 885 355901
132 457 758547
132 915 606092
849 604 165105
929 22 1545
929 622 890263
457 176 347476
457 939 282821
915 696 361470
915 957 646705
622 642 489611
939 499 596094
957 48 837836
642 616 984418
616 259 288584
259 235 753461
259 577 41600
259 143 734214
143 889 554330
889 103 863319
164 796 12 258 526 706 724 527 5 289 288 303 550 453 218 742 674 597 360 27 803 362 347 952 386 233 134 406 914 403 98 547 987 175 575 436 454 936 717 729 251 752 866 787 980 15 836 907 133 329 361 459 338 399 314 270 538 685 551 336 774 344 35 445 610 703 536 545 299 601 476 809 484 644 199 843 841 131 308 387 100 528 462 363 433 661 210 140 205 73 118 868 440 394 595 732 110 57 201 728 423 833 186 10 6 219 885 748 2 8 475 463 589 588 244 716 683 901 74 544 236 507 95 570 673 150 695 11 221 510 970 973 325 521 523 773 502 657 38 981 4 26 999 543 341 351 586 103 834 992 54 417 984 969 847 861 777 520 44 705 342 216 794 967 633 741 594 414 92 611 599 761 211 294 22 464 532 839 93 190 754 704 991 618 34 870 256 726 400 515 684 679 42 490 513 441 686 954 629 692 384 603 195 733 525 185 25 83 228 168 734 702 877 66 255 571 388 898 235 383 791 285 753 87 863 444 556 234 416 198 176 606 298 750 40 137 64 542 535 816 102 583 519 577 18 29 511 837 905 945 48 600 148 627 16 334 357 656 291 619 793 696 371 247 950 723 739 655 855 172 927 491 587 348 352 518 699 230 923 153 154 648 304 590 448 328 876 114 524 759 367 831 995 138 593 893 488 930 426 953 171 576 856 975 202 948 890 756 573 757 604 63 875 567 200 497 327 672 492 265 835 377 71 529 209 955 108 824 262 530 801 76 822 782 309 562 1 827 735 277 900 854 224 422 985 548 480 621 785 625 652 574 559 499 908 61 853
