1000 248
0 432 618882
432 298 921314
432 877 540439
877 501 931263
877 838 86042
877 801 649114
838 15 543155
801 476 271599
801 507 101587
15 587 950696
15 854 437059
15 417 578122
507 10 119838
417 289 603531
10 741 155433
10 370 958574
289 745 256188
741 769 176618
370 102 287120
370 484 117946
745 965 627637
102 151 580411
484 807 636862
965 41 630120
807 770 310637
41 2 956852
770 139 229248
770 621 621748
770 908 195034
139 33 997970
908 753 4832
908 553 753521
753 280 423177
553 677 966931
553 197 362358
553 142 711507
280 861 659715
197 665 528021
197 477 443274
142 393 408170
861 83 457313
861 542 74290
861 707 21594
665 539 791879
477 635 820212
477 930 602261
393 869 34922
393 748 575289
539 777 364136
539 881 434879
748 400 1302
777 454 398111
777 347 994470
777 119 574921
400 747 787143
400 216 734473
400 465 896318
400 442 225320
454 79 172676
347 368 739564
347 552 179547
119 309 334194
747 30 525220
216 236 514711
465 813 724627
442 188 64178
442 811 835144
79 351 582195
309 402 983322
309 615 634526
236 767 151160
188 101 104842
811 663 144115
351 234 508462
615 263 272612
767 451 125700
663 536 584486
663 711 27282
663 433 702745
663 740 808385
433 114 872942
433 448 500054
740 122 281741
448 916 616899
448 802 402914
122 401 527283
122 145 234983
122 925 577758
916 69 429518
916 874 966767
916 751 917008
802 846 209535
145 52 795589
925 436 515710
925 556 994480
874 246 670504
751 258 95022
751 155 603986
751 335 71593
846 982 93991
846 679 485404
52 201 333620
436 491 313519
556 845 196983
246 374 742725
258 196 915633
258 333 231713
258 583 243705
155 726 576714
335 734 105900
335 697 441601
335 806 899542
982 120 7279
679 127 283732
679 150 714702
201 892 974675
845 709 431911
845 529 773659
583 274 957682
726 44 326646
734 425 550421
734 808 24642
697 750 973210
806 240 444896
120 989 716457
150 379 547381
529 394 376324
529 174 880735
425 804 659933
750 754 975530
750 99 946032
240 732 400019
379 779 422227
379 569 263004
174 721 611470
804 77 91847
99 694 677619
99 947 299568
99 901 13995
732 825 119932
779 431 732718
569 896 92422
721 409 948247
721 561 175468
721 330 41406
694 684 459167
901 626 715995
901 962 708540
825 411 562677
825 515 958941
825 490 216220
431 385 408834
896 288 736680
896 396 830751
896 991 393339
561 115 161835
561 453 825734
330 758 582390
684 545 935304
626 208 605104
626 725 380839
626 118 508512
962 911 340145
490 241 89837
490 31 631445
396 669 376297
396 253 14801
991 736 238419
991 327 266625
453 492 21065
758 588 449198
118 900 198440
118 161 745414
31 687 86008
669 594 942939
669 463 22149
253 56 246184
253 146 383388
736 555 246052
327 132 969558
588 278 565587
588 137 531484
161 960 414684
687 273 305283
687 848 835009
687 731 169819
463 956 808569
56 427 32682
146 185 358467
132 88 737263
132 963 927658
278 143 542792
137 897 254685
137 480 173285
960 158 330872
960 202 898972
731 73 560597
731 59 394416
731 990 696043
427 628 268533
185 391 382310
185 937 886319
185 798 604933
88 614 359257
88 578 299922
143 912 716901
897 893 896670
480 363 178194
480 6 438400
202 821 256872
59 855 377563
628 717 768604
628 674 844915
937 849 302539
798 144 181588
798 715 751709
798 723 615694
798 936 585784
578 291 198498
578 251 966
578 167 794439
893 252 373874
6 537 956796
855 406 348875
674 850 326059
849 466 36963
849 853 936494
715 439 937766
936 834 238273
936 554 32853
291 486 673338
291 509 46918
251 541 617700
251 876 184728
167 276 204681
167 899 163247
252 755 593203
537 763 485361
406 82 738842
850 211 404628
466 600 726984
853 130 30343
554 898 186395
541 538 87535
541 822 91572
755 794 456
755 954 334401
755 358 276061
763 129 282283
763 19 730645
763 809 926627
82 24 541691
211 35 814341
211 790 998675
600 653 604704
600 805 934567
898 408 753905
822 78 961915
822 260 132064
822 738 172961
954 440 829171
954 487 211971
954 676 523257
954 887 840916
358 837 199569
358 998 545325
19 200 938544
809 210 5521
809 607 969617
24 979 968076
790 692 286945
790 675 963751
653 321 992986
653 611 598933
408 366 181205
408 764 620314
408 47 556030
78 518 175157
260 107 453083
260 430 911074
260 166 555123
440 446 23103
887 668 738366
887 776 602374
887 915 941721
837 177 859241
837 301 862886
998 80 929752
998 996 789164
998 164 373875
200 571 970631
210 787 542720
607 935 371868
979 444 950258
692 948 820274
675 378 317854
675 958 641908
366 386 630896
764 336 303733
47 360 857383
47 513 805027
518 215 904244
166 207 663672
668 23 307288
668 680 607385
915 462 115948
915 631 890676
915 420 730614
177 190 21980
301 437 509508
301 592 293105
301 68 604444
301 559 171628
80 405 232923
164 608 418784
164 705 666045
787 51 332086
787 342 670953
787 418 976225
935 826 879871
935 169 354602
378 733 205127
958 244 736096
958 904 76932
336 927 970975
360 165 576912
360 350 336065
513 519 383185
513 839 104445
513 180 943844
513 596 762121
207 623 667459
207 688 118095
631 63 996156
631 939 80084
420 279 598475
437 528 267931
437 168 83912
592 918 895079
68 510 269138
68 952 825739
559 311 703329
559 940 497695
405 9 879923
705 903 626029
826 460 330720
826 703 484460
169 829 838373
169 639 575277
244 62 831623
904 162 21262
904 785 138453
927 183 643860
927 175 249117
165 479 69797
165 570 884291
350 867 135067
180 582 436387
180 921 347290
596 567 864934
688 307 958632
279 620 536791
279 817 609495
279 422 979372
528 404 414852
528 739 183852
168 718 419553
952 328 684175
311 457 819627
940 419 557992
9 970 38004
903 992 311625
829 206 864865
639 831 706876
639 856 739102
785 858 697461
175 75 802848
175 314 978809
175 685 598611
479 383 385795
570 372 498329
867 272 273651
867 645 44429
582 814 833897
567 771 698318
567 971 174740
307 534 707261
620 227 952985
817 250 583585
817 199 938773
817 914 773468
422 473 607094
422 973 97954
404 637 981628
739 87 680747
739 445 702669
739 586 564888
718 459 748919
328 392 207778
328 121 724222
457 505 116015
419 95 478276
970 885 723237
992 923 522877
992 589 718434
856 619 306304
856 878 549759
856 424 736335
383 3 641236
372 184 953403
771 224 922177
199 125 609939
199 780 965120
473 214 840588
973 649 816601
459 84 170993
459 873 898954
392 572 720431
121 575 871624
121 57 892691
95 666 608721
95 988 425613
885 526 856577
923 34 254666
923 695 680943
923 928 137916
923 382 185803
589 638 130736
589 810 772863
589 277 240580
589 497 612625
619 354 759558
619 602 105304
878 511 903956
424 264 633959
424 257 815597
424 713 200811
3 352 90754
3 474 664867
224 71 529120
125 410 200399
780 315 883731
649 558 380471
649 577 126107
575 503 851681
575 943 667969
57 827 404890
666 48 876418
666 671 12914
988 606 435293
526 673 617504
382 624 442624
638 67 127915
277 53 108423
497 171 269224
497 761 315375
354 195 841904
511 517 733467
264 581 758706
257 724 221629
713 630 418608
71 70 608841
558 426 959798
577 926 418174
943 337 929800
943 377 454535
943 835 619819
827 765 106554
827 968 531641
48 565 230065
48 632 165021
671 429 288707
624 788 45254
624 265 720153
53 316 378147
171 597 579152
761 696 686646
195 326 247433
630 39 770685
630 324 799546
926 89 307936
926 494 533603
337 387 578260
377 181 477570
377 636 259364
765 373 217747
765 828 570810
429 317 497947
429 797 596465
265 985 826265
316 467 44598
696 514 740530
696 678 93961
696 931 966065
324 999 360698
181 345 662841
828 590 339596
985 895 810767
467 97 251485
678 343 385611
678 355 866795
931 300 976503
999 756 352458
590 906 59222
97 686 507591
97 957 56302
343 369 451780
343 907 270340
355 159 351345
300 598 193015
300 502 259765
756 464 453772
686 172 23720
686 616 226832
686 458 988015
957 397 589229
369 329 210234
369 728 688142
907 894 671358
159 390 265532
159 658 377057
502 816 303808
502 995 516309
464 883 171745
616 613 142907
616 744 743049
458 823 690820
458 983 309932
397 987 105225
894 580 460503
390 303 474287
390 699 980398
658 902 798234
658 182 834255
816 310 192283
995 546 22047
995 512 622170
995 25 596851
613 109 431879
744 609 873776
823 12 631418
823 783 534104
987 781 133020
580 362 461854
580 691 571796
580 818 802134
699 820 358189
699 879 82688
699 953 849965
902 551 997832
902 112 152607
182 293 492376
182 338 957945
182 647 347392
182 959 977335
310 535 176531
546 85 648166
512 365 67169
25 527 219576
25 455 111587
12 488 557949
783 833 739541
691 136 734723
691 599 608772
818 8 756491
818 1 10744
818 627 915032
879 929 519642
551 664 541859
551 868 887779
112 306 355747
112 568 804588
959 872 394510
535 228 382178
85 735 25354
85 11 57911
365 213 195626
365 548 133903
365 560 69646
455 247 198752
455 969 708136
488 308 888175
833 862 310884
1 116 32480
627 700 129196
664 819 225268
868 795 366137
306 654 949034
568 319 494691
568 847 896285
228 660 684150
228 550 780923
11 792 291389
213 58 722303
213 415 238564
213 889 461376
548 922 931939
560 652 415739
560 148 717523
247 706 377456
969 205 500472
308 357 705621
116 633 141046
116 932 943101
700 469 265084
700 941 869346
795 287 579662
795 672 390862
654 271 29142
654 729 858347
847 66 656312
660 229 581309
550 737 368090
148 975 170293
706 389 966171
706 523 527953
205 655 195693
205 414 914187
357 332 882447
357 612 58049
633 339 99146
469 255 84677
287 547 67242
287 641 752062
672 843 440588
271 233 574973
729 152 467107
66 796 186627
66 950 810180
737 100 346481
737 865 165982
975 625 569440
389 286 927081
523 302 962535
655 784 406210
414 618 48159
332 346 948055
641 65 919623
233 131 47944
233 290 344998
233 281 871286
233 768 629069
233 913 275008
152 17 464151
950 285 960305
100 22 694725
865 398 534323
865 716 363713
865 824 583759
302 20 647329
302 880 20741
302 682 254286
302 951 916333
784 249 555926
618 218 618536
618 361 431625
131 248 753017
290 266 644081
281 297 921307
17 920 483387
285 762 95640
22 423 308548
22 313 98300
716 506 802379
20 593 788297
682 4 179082
682 852 97489
682 905 547941
951 603 613813
249 7 787130
249 364 701258
218 752 88527
361 496 487298
920 472 76805
762 498 523066
762 690 210123
313 156 769206
603 60 355728
603 964 537198
364 443 629624
752 934 324635
496 348 310032
496 179 220572
496 428 128063
496 909 919177
472 884 520223
690 192 229448
156 395 379910
60 110 678779
964 949 431839
443 978 306660
934 610 371847
934 104 935492
934 759 595865
348 113 14937
179 93 900140
428 860 295430
428 106 966738
909 18 600006
884 584 871939
395 516 109688
110 334 313356
949 591 53964
978 495 397322
104 830 293838
759 267 875555
759 917 447941
113 176 343103
113 800 566626
93 5 89282
860 123 304942
106 318 610616
18 656 967111
18 977 351671
591 238 40683
591 803 801975
591 13 259396
495 50 608462
495 235 240453
267 520 99668
267 524 804427
5 86 479798
123 344 959994
318 37 703665
977 456 594833
977 522 954409
238 508 194319
13 28 622493
13 186 577150
13 579 426745
13 323 322562
86 27 7304
37 388 658537
456 799 510311
456 493 77391
522 760 8217
522 882 640024
186 259 300555
186 563 376660
579 786 333907
323 888 596056
27 886 757982
388 530 928603
799 105 379783
799 225 377200
493 140 69081
493 26 877699
493 974 167495
493 642 459456
882 55 992316
882 749 632220
882 562 425396
882 933 728928
259 331 429428
786 719 441246
886 64 383293
886 96 38192
886 857 834944
530 648 103975
530 157 587123
225 43 139089
140 643 166995
26 544 571763
642 662 943822
642 778 936655
55 292 267816
562 851 12198
933 212 465387
933 566 276385
933 701 737909
933 231 81552
331 178 442300
96 74 35128
96 94 555423
857 154 653822
157 226 879832
43 209 771313
43 217 999758
544 840 74193
778 832 610173
851 482 412738
701 789 868939
701 841 425541
701 842 297559
701 160 650238
231 239 830025
94 221 567876
226 223 26410
832 574 138081
832 305 469099
842 730 758182
160 381 25019
160 543 238336
160 32 866810
239 693 256476
239 942 751361
239 812 780755
223 859 242328
305 533 975060
305 981 416687
730 774 536149
381 275 722886
32 14 116280
32 76 967173
32 742 732682
32 435 257768
32 421 867534
942 450 2407
812 111 21967
812 710 948602
812 681 649317
859 153 782235
859 986 549848
533 245 361230
533 702 490424
533 295 157437
981 45 892110
981 722 85222
981 254 381789
275 108 549209
76 500 165154
742 341 617062
435 766 484169
421 147 835811
421 243 315025
111 38 156698
111 128 955197
710 237 161644
681 270 310703
681 870 497680
681 793 662795
153 282 174697
153 353 995760
153 714 60763
986 521 641613
295 189 892856
295 924 966335
295 972 982902
722 775 984798
254 103 567848
500 222 177266
500 461 369060
341 36 795087
341 720 289864
766 540 131473
766 659 421026
766 320 612371
147 193 879437
243 994 419569
128 29 516263
270 661 121064
870 299 712893
793 54 147735
793 399 303334
714 984 447392
521 549 880155
924 634 868723
103 72 140714
103 525 799135
103 704 879351
103 836 863564
103 117 548553
36 90 352588
36 312 256788
659 359 802064
320 993 556486
193 46 119715
193 367 796540
193 866 712901
994 284 868008
994 557 664324
661 191 823294
399 997 189494
984 413 433346
984 173 578616
549 325 533130
634 407 269980
72 92 593399
72 471 52850
525 149 495995
117 743 504267
117 452 982462
359 772 760013
993 356 455238
367 403 701338
866 605 398818
557 441 610133
557 844 994268
173 650 304306
173 875 529913
325 946 656640
325 283 4461
407 242 713314
407 61 691200
149 304 785810
149 644 356567
743 268 442936
452 955 453167
772 727 308639
356 657 893777
403 135 644786
605 601 866284
844 967 496735
844 585 540377
875 532 517506
283 232 68212
283 782 768565
61 40 630461
955 124 188438
601 294 825343
967 219 109956
585 689 492354
585 966 560512
232 871 717685
782 468 671831
782 261 39892
782 380 485909
40 564 72446
124 81 350567
124 449 816498
124 890 967866
219 708 582392
689 296 802696
689 434 14096
966 483 704381
966 980 756761
261 170 51607
380 961 223039
380 976 351523
564 49 496065
564 481 875674
890 475 784862
890 863 509029
708 269 624723
483 375 952501
483 938 268910
483 198 45733
170 712 19035
961 438 990313
976 133 587987
481 757 160694
475 187 822640
863 203 716938
375 670 220545
375 646 534393
938 531 51305
938 595 297012
938 163 243171
938 683 354167
198 919 129334
198 499 865151
438 667 39222
757 138 660264
757 194 906590
646 91 180356
646 617 278032
646 204 855433
163 773 28088
683 134 433378
683 16 235226
683 864 122809
499 384 193996
499 945 433628
194 21 283590
194 489 264867
204 698 192669
773 340 245063
16 416 651467
864 576 59137
864 651 126507
384 262 307089
945 746 254964
945 815 149036
945 126 914047
340 622 319348
651 604 768519
746 371 694704
815 230 221827
126 412 950367
126 485 756035
126 322 657537
622 447 390665
604 629 825494
322 640 792358
447 376 473001
447 504 212447
629 573 786924
629 470 268608
640 791 747166
376 98 932915
470 478 169324
470 42 145995
470 220 339698
791 910 726288
42 891 342656
220 349 251368
891 256 467026
349 141 694839
141 944 324136
371 221 411 617 187 768 90 144 474 650 385 30 468 584 262 563 703 423 573 109 284 602 538 49 294 776 997 892 416 797 963 738 725 208 134 410 73 108 486 215 266 129 415 698 677 206 510 545 670 426 595 402 657 854 303 647 363 514 35 446 733 929 914 614 83 418 136 968 65 273 905 255 781 805 62 980 656 353 774 813 184 87 831 304 917 532 534 803 636 296 101 702 571 612 796 789 503 398 234 728 312 910 478 912 540 506 606 2 947 333 272 971 754 292 581 941 46 39 269 635 212 880 972 695 843 235 645 23 450 922 895 439 872 33 565 946 775 735 34 821 953 876 810 492 788 800 54 676 871 151 98 996 14 621 487 154 190 412 229 727 391 64 498 192 209 610 75 830 494 608 203 172 441 836 50 485 368 250 597 623 81 434 919 599 339 948 314 274 214 107 245 820 609 508 334 135 352 704 519 138 191 520 84 70 158 256 196 644 840 394 282 794 38 409 21 315 723 824 189 491 489 516 505 321 133 673 183 593 552 346 720 643 792 248 769 286 719 685 883 401 939 162 680 709 930 932 462 841
