1000 1
0 1 556529
1 2 85423
2 3 527760
3 4 42173
4 5 86571
5 6 218474
6 7 790998
7 8 822639
8 9 944706
9 10 188000
10 11 811313
11 12 128463
12 13 799764
13 14 321220
14 15 645289
15 16 580564
16 17 239297
17 18 518138
18 19 368458
19 20 163474
20 21 650171
21 22 504081
22 23 900905
23 24 888037
24 25 959735
25 26 855666
26 27 275758
27 28 490677
28 29 498246
29 30 73605
30 31 802489
31 32 498738
32 33 229675
33 34 618616
34 35 405352
35 36 268319
36 37 257326
37 38 969894
38 39 899319
39 40 906243
40 41 213302
41 42 783699
42 43 30696
43 44 317675
44 45 122287
45 46 262573
46 47 510860
47 48 759152
48 49 845033
49 50 83424
50 51 986411
51 52 812285
52 53 568949
53 54 26919
54 55 596559
55 56 469036
56 57 972194
57 58 259468
58 59 412600
59 60 682430
60 61 446719
61 62 220026
62 63 861565
63 64 761528
64 65 667579
65 66 119898
66 67 26197
67 68 931008
68 69 64320
69 70 384642
70 71 519846
71 72 806806
72 73 949496
73 74 824478
74 75 612095
75 76 74707
76 77 625578
77 78 728252
78 79 648871
79 80 540542
80 81 352887
81 82 234838
82 83 64041
83 84 709344
84 85 198014
85 86 361502
86 87 969727
87 88 722947
88 89 655789
89 90 845578
90 91 764427
91 92 772101
92 93 142566
93 94 745249
94 95 467620
95 96 624572
96 97 376016
97 98 188423
98 99 743716
99 100 160067
100 101 869264
101 102 283112
102 103 902157
103 104 88435
104 105 629988
105 106 197915
106 107 521401
107 108 377099
108 109 492582
109 110 737963
110 111 950254
111 112 664604
112 113 60481
113 114 638591
114 115 197975
115 116 895523
116 117 646170
117 118 451279
118 119 47330
119 120 821176
120 121 860501
121 122 418395
122 123 537004
123 124 101512
124 125 981053
125 126 757009
126 127 513497
127 128 300323
128 129 704171
129 130 313009
130 131 224477
131 132 935913
132 133 73151
133 134 612302
134 135 907018
135 136 896431
136 137 874917
137 138 884638
138 139 64553
139 140 693718
140 141 102534
141 142 174862
142 143 869645
143 144 335690
144 145 123400
145 146 266386
146 147 105891
147 148 766896
148 149 205254
149 150 165255
150 151 774870
151 152 235671
152 153 452934
153 154 819120
154 155 86671
155 156 905158
156 157 102217
157 158 530755
158 159 450521
159 160 893944
160 161 951686
161 162 254695
162 163 475
163 164 250276
164 165 346800
165 166 663741
166 167 412866
167 168 655723
168 169 527099
169 170 932328
170 171 693023
171 172 292625
172 173 57610
173 174 869562
174 175 784509
175 176 546245
176 177 851113
177 178 495823
178 179 700813
179 180 115010
180 181 757173
181 182 745097
182 183 860217
183 184 848834
184 185 575898
185 186 52670
186 187 113495
187 188 6637
188 189 681814
189 190 360031
190 191 492412
191 192 429043
192 193 308545
193 194 483661
194 195 794981
195 196 702962
196 197 613863
197 198 122555
198 199 250877
199 200 590387
200 201 958348
201 202 133175
202 203 24481
203 204 895192
204 205 561258
205 206 948168
206 207 707511
207 208 703407
208 209 562229
209 210 513229
210 211 255343
211 212 357948
212 213 751870
213 214 561842
214 215 889417
215 216 504928
216 217 642813
217 218 366328
218 219 303190
219 220 403272
220 221 226966
221 222 815958
222 223 421170
223 224 842127
224 225 78804
225 226 344742
226 227 534134
227 228 153743
228 229 393975
229 230 136885
230 231 590308
231 232 386985
232 233 140107
233 234 277828
234 235 174741
235 236 204156
236 237 204758
237 238 598253
238 239 207439
239 240 321327
240 241 217662
241 242 516324
242 243 713965
243 244 190103
244 245 328291
245 246 802705
246 247 774886
247 248 999181
248 249 442048
249 250 869873
250 251 211262
251 252 247263
252 253 199504
253 254 132571
254 255 253762
255 256 731595
256 257 605323
257 258 191662
258 259 102023
259 260 294351
260 261 303062
261 262 19896
262 263 189057
263 264 583809
264 265 844160
265 266 248653
266 267 758473
267 268 401734
268 269 540308
269 270 329771
270 271 486522
271 272 912104
272 273 814307
273 274 174859
274 275 216727
275 276 313302
276 277 638163
277 278 145658
278 279 354661
279 280 27644
280 281 250026
281 282 12516
282 283 457410
283 284 386504
284 285 722737
285 286 776559
286 287 360140
287 288 772097
288 289 843142
289 290 246269
290 291 404600
291 292 148520
292 293 142035
293 294 912886
294 295 369927
295 296 313641
296 297 445028
297 298 444219
298 299 121305
299 300 971349
300 301 306766
301 302 199938
302 303 73653
303 304 905482
304 305 932191
305 306 372283
306 307 251042
307 308 390890
308 309 409419
309 310 289625
310 311 102210
311 312 322222
312 313 423488
313 314 773631
314 315 323184
315 316 477922
316 317 973195
317 318 929793
318 319 299371
319 320 563610
320 321 834214
321 322 845971
322 323 636076
323 324 573815
324 325 248671
325 326 821805
326 327 993195
327 328 695313
328 329 891334
329 330 774305
330 331 698444
331 332 160944
332 333 918305
333 334 767027
334 335 176289
335 336 549494
336 337 610289
337 338 498863
338 339 283718
339 340 204910
340 341 274749
341 342 385659
342 343 379089
343 344 171987
344 345 953163
345 346 25418
346 347 766334
347 348 20965
348 349 480349
349 350 460676
350 351 788340
351 352 711787
352 353 130922
353 354 731906
354 355 513927
355 356 452784
356 357 380413
357 358 469487
358 359 417599
359 360 182356
360 361 67332
361 362 659636
362 363 992532
363 364 700040
364 365 394246
365 366 20954
366 367 43599
367 368 710404
368 369 974749
369 370 25260
370 371 70598
371 372 69008
372 373 389015
373 374 854028
374 375 601308
375 376 52735
376 377 751793
377 378 533210
378 379 474169
379 380 584113
380 381 163872
381 382 711360
382 383 911742
383 384 29552
384 385 407115
385 386 580249
386 387 589937
387 388 409465
388 389 934272
389 390 377012
390 391 870005
391 392 554892
392 393 750626
393 394 265867
394 395 798129
395 396 417319
396 397 94821
397 398 727504
398 399 278388
399 400 354509
400 401 49845
401 402 148937
402 403 748782
403 404 563166
404 405 659779
405 406 429322
406 407 666447
407 408 879754
408 409 134495
409 410 193114
410 411 360237
411 412 972663
412 413 625963
413 414 57767
414 415 789240
415 416 670722
416 417 967442
417 418 975566
418 419 97751
419 420 385789
420 421 202909
421 422 691617
422 423 240900
423 424 398493
424 425 460650
425 426 890311
426 427 276003
427 428 428620
428 429 344595
429 430 594054
430 431 666667
431 432 260279
432 433 114000
433 434 412382
434 435 724527
435 436 192713
436 437 337012
437 438 92931
438 439 414651
439 440 14555
440 441 411252
441 442 289551
442 443 336932
443 444 304258
444 445 208381
445 446 153586
446 447 518263
447 448 246031
448 449 725740
449 450 151956
450 451 179339
451 452 806115
452 453 195799
453 454 907506
454 455 793431
455 456 612528
456 457 341464
457 458 983449
458 459 223493
459 460 272037
460 461 106163
461 462 456465
462 463 713478
463 464 828088
464 465 663414
465 466 328018
466 467 64487
467 468 348516
468 469 976495
469 470 878708
470 471 73291
471 472 844574
472 473 18993
473 474 32964
474 475 297356
475 476 28730
476 477 134609
477 478 115765
478 479 772429
479 480 42860
480 481 695315
481 482 624152
482 483 439684
483 484 62454
484 485 397729
485 486 902853
486 487 652428
487 488 313431
488 489 310922
489 490 32816
490 491 685767
491 492 829237
492 493 850871
493 494 212393
494 495 50752
495 496 701797
496 497 204474
497 498 295747
498 499 798965
499 500 786352
500 501 556788
501 502 154294
502 503 673075
503 504 970887
504 505 342649
505 506 759708
506 507 122080
507 508 896478
508 509 694198
509 510 620578
510 511 417637
511 512 845613
512 513 910956
513 514 163325
514 515 17458
515 516 728632
516 517 245881
517 518 454496
518 519 991097
519 520 784526
520 521 975926
521 522 544144
522 523 401647
523 524 709398
524 525 352667
525 526 883966
526 527 942912
527 528 863574
528 529 656964
529 530 991364
530 531 804151
531 532 355464
532 533 547152
533 534 253186
534 535 326650
535 536 193285
536 537 463207
537 538 629080
538 539 506417
539 540 620169
540 541 562769
541 542 322491
542 543 483291
543 544 299334
544 545 416863
545 546 220512
546 547 883700
547 548 334695
548 549 261240
549 550 942534
550 551 21257
551 552 272503
552 553 45721
553 554 74640
554 555 531281
555 556 474437
556 557 628136
557 558 646631
558 559 669472
559 560 56304
560 561 300805
561 562 621645
562 563 37010
563 564 460735
564 565 732050
565 566 237374
566 567 629656
567 568 239079
568 569 32238
569 570 1146
570 571 363154
571 572 950903
572 573 628590
573 574 455797
574 575 467933
575 576 841133
576 577 153270
577 578 771886
578 579 222388
579 580 423647
580 581 525107
581 582 110538
582 583 245370
583 584 807265
584 585 768300
585 586 519230
586 587 12066
587 588 151365
588 589 192886
589 590 995096
590 591 449677
591 592 644502
592 593 157783
593 594 940160
594 595 595350
595 596 488413
596 597 94519
597 598 692893
598 599 163997
599 600 103956
600 601 542579
601 602 486431
602 603 22874
603 604 810117
604 605 700703
605 606 866630
606 607 158622
607 608 824893
608 609 142592
609 610 517560
610 611 834632
611 612 375860
612 613 706249
613 614 237256
614 615 49934
615 616 747017
616 617 464578
617 618 795163
618 619 786299
619 620 407828
620 621 146537
621 622 25348
622 623 457167
623 624 368160
624 625 681258
625 626 350090
626 627 982194
627 628 539860
628 629 885379
629 630 970343
630 631 440893
631 632 510841
632 633 165528
633 634 875707
634 635 733545
635 636 596171
636 637 803525
637 638 959181
638 639 7094
639 640 658045
640 641 752619
641 642 552216
642 643 728457
643 644 486851
644 645 345959
645 646 580792
646 647 890691
647 648 699797
648 649 275657
649 650 939529
650 651 475080
651 652 389619
652 653 623600
653 654 854659
654 655 270468
655 656 663335
656 657 985288
657 658 526048
658 659 233853
659 660 838500
660 661 954851
661 662 412393
662 663 992859
663 664 285414
664 665 62201
665 666 389624
666 667 283969
667 668 518718
668 669 380860
669 670 967152
670 671 823864
671 672 788135
672 673 645838
673 674 509794
674 675 75321
675 676 789850
676 677 496031
677 678 552142
678 679 238414
679 680 455322
680 681 476860
681 682 280967
682 683 10030
683 684 524147
684 685 601398
685 686 433794
686 687 227056
687 688 907494
688 689 815992
689 690 593473
690 691 270611
691 692 635426
692 693 637934
693 694 220131
694 695 189962
695 696 854072
696 697 442795
697 698 19039
698 699 432971
699 700 634229
700 701 671976
701 702 161476
702 703 493439
703 704 972628
704 705 135402
705 706 351267
706 707 589949
707 708 34778
708 709 223999
709 710 138131
710 711 778098
711 712 542172
712 713 615377
713 714 667945
714 715 762701
715 716 316408
716 717 231750
717 718 654863
718 719 947001
719 720 335368
720 721 842491
721 722 674011
722 723 21317
723 724 925425
724 725 561695
725 726 620258
726 727 105181
727 728 927937
728 729 720034
729 730 958232
730 731 922044
731 732 399442
732 733 599075
733 734 40738
734 735 61317
735 736 354042
736 737 898280
737 738 774872
738 739 637754
739 740 268335
740 741 949021
741 742 723093
742 743 98593
743 744 129069
744 745 173799
745 746 414732
746 747 437861
747 748 243241
748 749 675777
749 750 776600
750 751 926481
751 752 83669
752 753 670823
753 754 967333
754 755 48467
755 756 742444
756 757 599002
757 758 413742
758 759 479036
759 760 411245
760 761 553409
761 762 364354
762 763 768237
763 764 460534
764 765 885909
765 766 199889
766 767 814468
767 768 900367
768 769 854499
769 770 884512
770 771 479926
771 772 430564
772 773 740996
773 774 416864
774 775 390777
775 776 969462
776 777 900211
777 778 200199
778 779 276686
779 780 206039
780 781 676793
781 782 421064
782 783 883129
783 784 897380
784 785 198407
785 786 914759
786 787 61821
787 788 442672
788 789 504564
789 790 593496
790 791 975049
791 792 100887
792 793 989144
793 794 853069
794 795 242488
795 796 826019
796 797 783500
797 798 345074
798 799 371663
799 800 948601
800 801 818495
801 802 455279
802 803 703693
803 804 264693
804 805 456197
805 806 812523
806 807 305782
807 808 591038
808 809 537166
809 810 246497
810 811 927802
811 812 955195
812 813 671009
813 814 274481
814 815 873202
815 816 491995
816 817 598794
817 818 298460
818 819 657105
819 820 558535
820 821 382239
821 822 99974
822 823 101812
823 824 12364
824 825 142853
825 826 295828
826 827 445929
827 828 394892
828 829 569641
829 830 534794
830 831 587454
831 832 68936
832 833 114261
833 834 11616
834 835 157065
835 836 496538
836 837 92332
837 838 794321
838 839 929127
839 840 732805
840 841 528501
841 842 765330
842 843 993096
843 844 716783
844 845 999261
845 846 260422
846 847 833366
847 848 752213
848 849 14398
849 850 336422
850 851 966108
851 852 809798
852 853 488386
853 854 271666
854 855 14944
855 856 758400
856 857 116374
857 858 607714
858 859 74529
859 860 718462
860 861 855922
861 862 219504
862 863 582934
863 864 863057
864 865 191278
865 866 152859
866 867 787277
867 868 372215
868 869 895199
869 870 439079
870 871 661423
871 872 723558
872 873 617633
873 874 636220
874 875 964010
875 876 158583
876 877 435859
877 878 446732
878 879 497147
879 880 735064
880 881 803966
881 882 638090
882 883 209015
883 884 773476
884 885 660017
885 886 257483
886 887 10352
887 888 445966
888 889 144039
889 890 224476
890 891 234219
891 892 504275
892 893 279792
893 894 647141
894 895 734772
895 896 905977
896 897 33100
897 898 211510
898 899 171581
899 900 223938
900 901 7330
901 902 857036
902 903 352989
903 904 7198
904 905 742387
905 906 589101
906 907 602263
907 908 237819
908 909 272543
909 910 77188
910 911 908343
911 912 213141
912 913 236560
913 914 220377
914 915 246878
915 916 294688
916 917 755703
917 918 362494
918 919 971399
919 920 300442
920 921 872483
921 922 89624
922 923 13731
923 924 550619
924 925 95915
925 926 749007
926 927 566188
927 928 499642
928 929 744883
929 930 162592
930 931 706103
931 932 11604
932 933 993239
933 934 808310
934 935 551050
935 936 650323
936 937 976458
937 938 115970
938 939 642684
939 940 577867
940 941 962139
941 942 625718
942 943 503799
943 944 205440
944 945 906400
945 946 239198
946 947 330951
947 948 825049
948 949 590841
949 950 742412
950 951 79062
951 952 813185
952 953 952807
953 954 175365
954 955 747528
955 956 257225
956 957 960946
957 958 169038
958 959 849863
959 960 667132
960 961 680668
961 962 377385
962 963 813719
963 964 50488
964 965 161757
965 966 23336
966 967 665978
967 968 595551
968 969 56921
969 970 62016
970 971 123628
971 972 398252
972 973 474047
973 974 151911
974 975 570402
975 976 249877
976 977 553104
977 978 204612
978 979 226367
979 980 49327
980 981 236337
981 982 634459
982 983 725396
983 984 51047
984 985 861013
985 986 656948
986 987 153693
987 988 900470
988 989 428536
989 990 571395
990 991 589686
991 992 915871
992 993 736047
993 994 372241
994 995 56216
995 996 959836
996 997 843552
997 998 577254
998 999 637599
999
