49 11
0 1 962753
0 15 284059
15 26 326191
15 23 735785
26 19 889792
26 30 593030
23 2 924059
23 40 255239
23 17 658307
19 29 882477
30 45 792232
40 20 790250
40 28 227776
17 3 305599
17 25 37711
17 48 934008
29 31 974742
45 37 729116
45 10 693412
28 27 271870
3 32 103149
25 8 278724
31 9 405389
31 16 72691
37 41 173289
37 34 7968
10 33 299630
8 7 793228
9 35 817325
16 6 703353
34 42 479807
34 5 828080
33 18 465879
7 22 345328
7 44 377661
6 38 99966
42 12 871022
5 21 765989
5 11 610240
5 46 143109
18 47 385825
44 24 183259
21 4 880604
21 14 487513
11 43 198603
47 39 585792
14 13 355303
13 36 419780
22 1 35 20 4 46 27 36 2 24 48
