1000 57
0 314 796167
314 973 370767
973 822 883423
822 541 515329
822 949 900246
541 596 428627
541 435 838620
949 193 646243
949 395 345852
949 592 760172
596 553 483132
596 812 889773
435 453 863904
435 850 394733
395 252 786560
395 730 44296
592 413 327767
592 572 31687
553 377 507336
850 685 940214
850 445 434270
850 64 444146
730 499 824018
730 218 219211
572 989 15357
445 311 483340
445 705 902787
445 783 761624
64 879 303444
218 230 511621
989 301 206713
783 113 32439
879 122 392348
879 880 717006
230 181 771117
230 455 389680
230 70 204005
301 97 531748
301 364 725318
301 72 222801
301 860 928416
880 114 647000
70 698 752423
70 831 613765
97 166 187207
364 727 298165
72 550 365113
860 794 734437
114 110 920596
831 74 47805
831 480 435533
166 595 732939
550 857 293148
794 899 441689
480 441 735090
480 689 70321
857 657 560602
857 105 505057
899 142 296965
899 828 591456
689 616 354534
657 686 731798
105 635 252632
105 298 751710
142 829 771399
828 714 210842
635 512 762768
298 206 341290
298 214 745207
829 533 165434
714 866 340131
714 996 459435
714 385 209576
512 303 604455
512 473 102746
206 751 519296
206 840 906675
214 265 257339
214 682 971535
866 116 73561
866 406 216063
996 191 396066
996 497 873528
385 912 695464
473 597 941985
473 919 572139
473 544 967590
751 992 589809
751 826 647890
840 421 988868
840 907 682997
840 966 636784
840 651 336162
682 42 445214
682 466 649992
682 500 696877
682 766 404301
682 269 47474
116 205 904463
116 310 953395
116 208 721180
406 875 742655
497 17 630355
912 934 109340
912 999 121672
544 921 296795
544 525 423964
544 31 480006
826 247 968343
826 583 112999
826 683 478214
826 782 570080
826 699 687617
826 481 716848
907 486 611259
907 956 778814
651 519 381861
269 942 522884
269 659 132508
310 424 344770
208 196 725777
208 587 948788
17 872 743705
934 856 650791
999 706 195653
525 836 200614
525 902 232998
31 815 788303
583 5 445608
699 911 175756
481 471 359192
481 965 289044
481 514 864855
481 883 173921
486 743 971256
956 932 126838
519 192 52652
942 704 162561
659 251 447555
659 463 157421
706 6 934724
902 562 616599
815 99 535007
815 717 293552
911 941 631774
471 389 518608
514 600 37333
514 984 676509
883 202 97110
743 939 307032
192 282 561348
192 344 846426
251 588 940096
251 995 179818
463 287 918809
463 849 940129
463 46 38847
463 112 735221
562 360 434679
99 524 307285
717 213 393055
717 399 717437
717 565 77089
717 417 619277
941 775 885443
202 666 512153
202 927 40903
202 130 492669
344 594 789783
344 908 764023
588 162 523190
995 693 80035
287 590 422116
46 81 370161
46 474 153448
112 609 501352
360 449 639380
399 128 425585
399 451 170486
565 217 944209
565 528 522861
565 567 109595
417 398 799460
417 428 792285
775 235 421424
775 853 276195
775 357 307895
775 568 32489
927 165 218862
927 534 616013
927 145 884349
130 564 481479
594 493 278953
908 660 641225
908 274 58262
162 599 722150
693 422 541483
81 50 513602
474 789 142789
609 710 194413
609 796 255766
449 171 176499
449 938 798361
567 125 76861
567 359 861949
428 555 523389
428 943 393816
235 763 556884
853 835 713805
357 605 588419
568 34 301526
568 516 761276
568 885 773248
534 773 144003
145 65 51554
145 977 678393
564 667 369139
564 108 5550
660 79 487810
660 637 437416
660 897 520380
274 665 85052
422 151 639656
789 365 670256
789 439 545753
789 155 306281
710 209 323833
796 339 225078
938 126 708201
359 104 123861
359 18 61880
359 239 854272
359 931 382597
555 779 778409
555 904 817372
943 363 606030
943 871 847770
943 994 144571
763 765 113493
605 827 587723
605 163 275737
516 823 603110
885 69 341758
773 492 579361
977 77 545984
667 16 784586
667 353 786755
108 150 138632
108 488 746056
108 57 289253
637 149 605704
637 87 620429
665 877 655546
439 477 396184
155 664 19766
155 894 5779
209 164 718222
209 489 806512
339 726 532012
339 711 213620
126 944 77700
18 225 638896
239 76 567592
239 715 226505
931 920 535068
904 769 623308
871 527 765599
871 140 26017
994 642 24622
994 781 927232
994 204 382519
994 32 388275
765 80 207526
163 662 364690
69 548 835855
69 930 784892
492 101 549129
492 571 717325
77 248 197051
16 953 938833
353 536 477289
353 842 539626
150 569 551746
488 73 37668
488 491 458653
488 709 601143
57 258 464118
149 461 667796
87 244 418896
877 423 795589
164 323 782965
164 354 822712
164 678 579461
489 636 100408
711 656 669713
944 15 231555
225 138 585833
920 668 589571
769 232 600944
769 954 927835
527 52 620439
527 627 649293
140 619 341216
140 677 698386
642 390 150247
781 275 54671
781 510 338300
781 863 438922
204 598 400106
32 144 866950
662 156 56268
101 224 231024
953 518 337493
842 774 855236
569 54 955949
569 260 824777
569 626 227541
709 864 806947
709 896 765204
258 23 518995
258 4 999860
461 292 875954
461 368 956320
244 890 497876
423 580 624052
423 655 928638
423 997 874404
636 263 463322
636 688 184468
636 795 50765
636 434 528857
656 757 656225
15 400 923131
15 758 536167
668 29 185886
668 226 963944
668 438 523963
627 183 493239
627 785 48440
619 503 298617
677 772 707713
677 834 103631
510 197 352720
598 436 983772
598 38 751249
598 969 191451
144 404 404906
144 546 354918
144 27 477259
144 26 629080
156 887 993155
774 729 629603
260 386 251979
896 20 718039
4 713 596455
4 809 566354
4 746 820798
292 82 288395
368 40 207221
368 458 841903
997 418 600770
688 509 890124
795 654 630701
795 909 333511
434 127 570079
434 614 754737
757 157 905093
400 318 601606
758 573 337213
29 611 7921
29 803 281150
226 558 529725
438 10 355642
785 343 998958
785 621 537362
834 917 221327
834 695 541664
197 653 649107
436 517 390584
38 199 198291
404 56 402779
27 511 95887
27 802 857759
26 302 780996
26 187 537074
26 675 90256
887 901 765412
729 22 182050
729 291 976361
729 237 766073
729 940 385574
386 21 926692
20 139 780255
713 333 938566
746 59 604034
40 304 707144
654 158 553257
654 381 555506
614 801 325273
157 210 8253
157 219 432008
157 759 9388
573 724 689794
803 103 628352
558 680 168638
10 737 41059
10 804 455135
695 539 265025
695 243 228152
653 861 983163
517 98 117098
199 48 791605
199 615 553419
187 380 294756
675 974 820091
22 234 553274
237 123 482210
940 690 264418
940 987 657191
333 58 42456
333 153 735830
59 88 711309
59 452 287508
59 335 956684
801 955 697367
210 446 265621
219 838 967615
759 859 979215
759 891 275813
724 36 823207
103 419 120074
103 961 806322
680 843 58155
680 426 743764
804 300 843011
243 507 901332
243 132 953513
48 456 467001
615 358 604788
380 647 721511
380 496 666209
123 433 559373
123 178 53696
690 111 767425
987 460 834029
987 658 436475
987 120 780405
335 959 875742
859 818 453922
891 854 269598
891 374 898497
419 30 32697
426 85 788799
300 652 775495
507 833 805879
132 770 809604
132 786 198135
132 922 948635
358 184 56301
647 107 905626
496 719 638751
433 697 275727
178 606 109722
178 963 607827
111 41 818175
658 625 781774
120 980 684915
959 574 520697
854 347 635025
374 958 527018
374 86 697315
30 869 154512
30 881 210569
85 322 56081
652 83 948652
652 35 702119
833 584 929150
833 100 916882
770 102 654623
770 190 234578
770 327 710438
922 332 577581
922 483 631494
184 893 376056
107 384 378728
719 281 384519
697 152 11638
697 361 221985
697 740 180855
963 312 521089
980 807 687953
574 681 301702
347 868 826687
958 279 758634
958 641 640385
86 501 716158
86 806 621191
86 321 115050
322 257 136111
83 475 8726
83 790 302503
83 800 347141
35 964 415130
35 356 650868
100 270 490679
100 873 220373
483 331 206196
483 566 738655
384 526 751561
384 520 363283
281 443 92830
312 372 836834
312 951 238691
807 990 956311
681 570 322755
681 2 331152
868 25 269616
279 285 616302
641 430 305999
806 734 885977
321 427 686183
321 174 530861
257 403 824796
257 741 900951
257 670 810482
475 9 975259
475 612 5075
790 650 889398
800 71 488320
964 972 755659
356 817 547464
270 336 192461
520 306 62611
520 504 543048
443 721 833103
372 581 955074
372 764 250069
990 92 823298
990 14 148144
990 531 211893
2 53 178960
25 89 598597
285 425 834480
430 388 48370
174 154 287653
174 542 743324
670 884 622275
9 61 224757
972 328 737559
817 432 723503
817 768 309066
306 271 453511
504 601 869484
92 319 834379
14 440 487391
531 68 647705
53 957 440831
53 816 224251
388 131 912541
542 146 408125
542 464 239197
884 397 823373
61 78 218781
432 777 438052
768 90 316834
68 117 966411
957 216 903580
816 340 140484
816 993 948488
146 554 312329
146 888 390727
464 346 553719
397 246 606861
397 633 749421
397 798 777605
397 962 883368
78 201 422698
78 371 831658
90 134 593711
216 530 470909
340 643 532097
340 742 975383
993 67 227931
993 195 9827
888 582 494688
346 852 679396
798 632 468661
798 720 282833
798 947 776682
962 620 976959
962 352 595556
371 169 987626
134 791 783447
134 805 612077
530 735 38936
742 44 234305
742 320 703859
742 498 269263
195 971 982510
582 12 746932
582 200 468956
852 401 499457
632 276 416273
720 366 4535
352 672 8960
352 490 52293
805 11 618739
805 629 535173
805 175 211276
735 979 676027
320 402 989816
320 468 606176
971 457 898086
401 691 149156
490 981 290830
629 325 33271
629 613 889329
175 211 637605
175 348 727036
979 283 189756
979 950 319053
457 382 766923
691 841 920823
691 928 246032
981 1 18696
981 811 779602
613 236 790645
613 559 236974
211 159 898805
211 712 831486
348 523 383064
382 732 419548
382 882 536503
928 338 318363
928 988 297054
928 858 278939
236 465 121061
559 718 282711
712 387 507130
712 725 939147
712 634 805472
523 13 576400
338 289 104096
988 671 948849
988 780 679982
858 522 371742
858 723 898576
465 676 529839
465 55 955717
718 744 595148
387 330 543075
725 222 81202
725 745 726891
634 62 321480
634 867 117639
13 799 478888
671 91 829208
671 362 317548
671 379 931586
780 946 223941
780 233 593900
723 617 518733
676 505 988937
55 215 114369
744 945 853934
330 19 731647
222 286 805552
222 577 945638
799 8 852229
799 819 145586
379 410 123869
946 532 670369
233 470 981811
617 188 695470
617 383 431589
505 429 305081
215 84 267076
8 560 13368
819 141 778415
819 728 734196
819 886 568592
819 37 966527
532 784 900402
532 494 722188
470 986 812986
188 249 77671
383 447 241256
383 295 288021
84 350 683780
84 639 389879
84 293 556386
560 28 196174
560 845 700097
728 649 301737
37 393 696099
37 148 741629
784 212 113557
494 136 392861
494 903 82682
986 7 781165
249 45 876610
249 978 193057
447 160 386236
295 622 719699
295 918 222451
293 736 654696
845 467 242677
845 874 503832
393 378 312757
148 529 973026
136 788 54682
7 771 413461
45 870 678159
160 610 760322
622 669 30140
918 837 291523
467 405 971271
467 602 603242
467 408 840811
467 349 205414
874 256 514473
874 561 172855
874 459 996266
874 515 531790
529 640 221797
788 284 228462
771 482 957083
870 143 489310
870 591 369424
870 66 172407
610 49 718802
669 905 15746
669 923 409903
669 266 542769
837 280 680710
837 701 896671
408 821 273748
349 221 381690
349 924 107850
349 604 883026
459 820 652139
515 168 496079
640 316 59036
66 367 709308
66 975 912579
49 925 567966
266 392 762698
266 731 941803
266 51 96971
701 889 38695
221 203 596859
221 223 89426
924 778 951585
604 937 574895
820 862 621948
168 33 57808
168 702 121134
316 847 577010
316 253 474599
975 254 725186
925 307 545318
392 180 50601
51 968 662974
51 448 59177
889 792 439675
778 814 358342
937 93 830409
862 878 524742
702 679 938695
253 351 412465
254 556 116103
448 342 444525
792 830 462699
792 121 255383
792 502 233603
679 933 783019
679 431 12412
351 135 930278
351 176 870740
351 948 26916
342 147 622207
121 161 673331
121 315 240308
502 167 928073
502 916 250790
502 373 654716
933 630 518005
431 294 925058
431 967 882639
176 391 672097
948 407 648676
147 929 700136
147 345 169776
161 623 668202
315 898 895834
916 194 736527
373 913 42227
391 844 412496
407 137 903746
407 521 990923
345 631 740199
345 976 870278
898 552 993473
913 797 861445
137 476 257603
521 172 867990
631 684 54861
631 273 173620
976 638 554419
797 24 257248
476 198 391668
476 970 957973
476 915 167883
172 242 30674
172 991 782318
684 414 516998
684 752 68929
273 255 803447
273 277 372802
273 848 411061
24 324 501553
915 227 397316
915 411 838886
242 170 191959
752 618 955769
752 240 184601
752 415 183854
848 793 776824
848 673 414820
848 450 775808
324 747 902467
324 220 936728
324 420 826329
411 914 997671
411 900 159603
411 952 537145
170 543 29898
240 412 969955
415 394 340422
793 268 149431
673 189 89475
673 663 490779
673 694 12308
450 851 347608
747 739 312245
220 250 407584
220 288 390702
220 846 347903
420 376 837747
420 485 866447
900 983 94797
952 674 150451
952 545 821302
952 185 437479
412 267 673503
412 648 753010
412 409 552398
394 839 621202
189 106 431140
694 825 418586
851 787 649296
846 416 986428
376 755 789363
376 761 305999
376 96 734007
485 608 393479
983 808 16906
983 628 545618
674 603 126692
545 754 499711
545 935 57312
185 985 571870
409 716 268771
106 296 321565
825 478 321732
787 749 610395
416 535 132250
755 589 543861
761 229 409633
761 865 950303
96 39 527706
96 876 538694
608 484 969654
608 437 5680
628 317 912986
628 906 621325
603 756 775173
935 47 836063
985 129 828949
716 479 530002
749 326 346443
535 810 77403
589 585 713943
39 738 550508
484 760 576991
437 661 767504
437 776 460992
756 309 605007
756 506 156680
47 824 340908
129 238 696722
326 696 375174
760 910 903127
776 177 685079
776 272 928984
309 454 750229
238 115 543507
696 94 770109
696 549 402958
696 748 841830
910 762 630247
177 334 293739
272 370 587757
272 329 307605
94 305 441206
370 487 401078
329 444 53638
444 936 942421
936 241 811650
936 228 831326
936 119 75180
228 245 379149
119 646 788621
119 576 601878
245 186 66935
646 262 748262
646 207 411131
576 700 334112
186 43 831803
207 313 870992
700 537 460509
700 575 502586
537 278 620476
537 644 833751
575 692 395564
575 578 733382
644 337 521430
692 63 620076
578 109 670874
63 508 918850
109 118 323954
109 547 765368
508 60 233611
118 297 673818
547 341 824694
547 645 752166
547 179 37073
60 3 785835
179 753 718829
753 231 421634
753 308 406413
308 355 8027
308 707 617591
355 557 418962
355 182 308480
707 586 992314
707 750 181234
707 375 461780
182 767 379578
182 895 413589
182 926 158563
375 551 63889
375 538 282688
895 173 799578
538 892 880398
538 540 345661
540 462 595052
462 607 192684
462 563 650129
563 708 662313
563 264 251204
264 369 107086
264 593 483090
369 495 57880
593 703 637650
495 75 292306
703 960 227261
75 855 700509
960 259 984165
855 95 403837
259 469 160913
259 998 57407
95 624 293523
469 124 217663
998 290 8433
624 733 430378
124 396 55718
290 687 810568
733 472 807538
687 442 744190
687 832 760034
472 133 562425
832 513 62643
133 579 341917
133 982 94598
982 261 426348
982 299 33553
982 722 208653
722 813 551116
421 498 827 80 663 294 926 82 715 268 708 234 511 836 229 76 881 739 965 288 331 813 122 500 686 93 875 577 477 786 282 838 762 672 992 336 305 967 398 612 325 969 361 849 73 246 1 865 621 843 125 509 764 518 241 297 812
