718 203
0 613 416802
0 709 146751
0 157 263566
709 139 608894
157 368 122268
139 603 656167
368 492 172403
492 125 387933
492 104 376883
104 217 362982
104 178 840669
217 262 604372
217 115 103949
178 162 283527
178 197 584947
262 447 720353
262 85 322828
115 514 13786
115 117 584831
197 324 814925
197 512 678844
197 281 169890
447 13 519632
447 292 800125
447 310 686921
85 74 74771
85 62 572165
85 671 587959
85 558 361742
514 372 306672
117 75 630006
117 155 127193
117 439 892202
324 308 619778
324 360 772536
512 426 427976
512 646 815092
512 200 861231
281 168 825417
281 80 458283
310 469 352835
62 458 263283
62 607 458735
558 499 133666
155 149 867115
439 135 132333
360 385 939193
426 437 583760
646 364 113771
200 343 639312
200 147 630018
200 280 432141
168 225 891404
168 629 439606
80 377 198530
80 216 790447
499 706 848358
135 585 609981
135 345 257801
385 685 690175
437 336 854878
437 393 895262
364 366 552308
343 120 907673
343 22 176482
147 545 938799
147 581 88309
147 9 394106
280 159 95752
280 644 506473
280 691 544795
225 536 755785
629 610 31220
377 548 874682
216 391 835234
216 631 664221
345 118 552244
345 73 301545
685 602 782585
393 386 842639
22 112 464490
581 70 276940
9 665 327695
691 673 911309
610 520 178541
548 662 600386
548 205 722928
391 219 944636
391 582 62195
631 425 602949
631 713 20361
118 212 122437
73 457 752442
73 543 261844
73 97 828842
73 318 606174
602 202 448572
112 248 825162
665 676 636707
673 255 782315
520 408 224676
520 505 424841
520 189 322881
662 239 953809
205 714 219631
582 398 131979
582 589 142813
713 226 203307
713 491 288081
212 171 418737
212 278 708864
457 30 785793
97 346 423914
97 89 792413
97 611 187761
318 693 747339
202 608 356529
676 126 310288
255 511 801835
255 538 787835
189 659 889382
239 478 75451
239 299 469346
714 43 184172
491 243 263176
278 423 485311
89 463 495632
611 506 371260
693 557 181748
693 95 406368
126 668 426329
538 687 353675
538 715 687361
299 414 872492
243 294 734382
243 697 269354
243 72 885464
423 203 149901
423 84 403369
506 101 166349
557 535 991938
95 66 984896
414 434 464037
414 565 683385
414 446 638166
72 620 350934
72 604 89404
203 418 360508
203 556 427308
84 7 830842
84 614 720317
101 79 639170
535 503 183378
535 487 380968
66 674 43894
434 88 361209
565 218 375018
446 702 307863
604 69 966369
604 354 2403
418 544 930345
79 63 778236
487 445 555045
487 649 106118
674 335 6388
674 432 400989
88 32 624479
69 92 587061
354 1 474038
63 586 875456
63 29 60310
649 453 515458
335 467 622783
432 428 540768
432 233 570326
1 53 670356
1 633 106062
1 622 939219
1 601 309299
29 641 34991
467 361 257930
428 275 769888
233 433 629123
233 222 94286
53 38 564114
633 390 111471
622 475 571110
622 519 9736
601 464 382051
601 313 289666
361 41 267189
361 306 778509
361 606 675471
275 182 148412
433 254 448874
433 575 64664
222 521 702641
222 27 201408
38 152 344831
38 184 234964
519 228 42248
519 348 479683
519 31 281264
464 382 891153
464 442 722784
313 358 828046
313 679 816002
306 156 764355
306 420 426207
606 444 651673
606 482 226376
182 102 982911
575 169 646154
27 394 674167
184 321 653316
228 504 569693
228 615 889297
348 567 728322
348 653 824714
348 16 89266
31 374 694646
31 327 210773
442 522 937848
679 429 191211
679 176 925356
420 550 603919
169 46 306590
394 129 103625
321 341 933000
504 399 521658
615 334 913586
16 562 322072
374 141 361124
374 530 440340
327 274 664228
522 473 443665
176 413 738684
176 215 384250
46 320 611049
46 573 955637
129 298 344773
334 650 518086
334 531 487143
562 333 214792
274 121 542934
274 696 439720
215 18 42614
320 65 513042
573 524 129324
298 495 902103
531 351 393637
333 708 922928
121 167 149651
696 580 751269
18 247 267022
18 259 386662
18 546 439230
495 332 22323
495 597 281600
495 686 334237
351 695 174045
167 707 483241
580 484 563383
580 551 708928
259 698 490624
546 664 799153
332 36 524692
332 344 832767
686 703 670519
695 599 684385
707 154 157226
484 6 797363
484 59 902390
484 234 687763
551 151 634121
551 711 192715
698 571 460528
664 716 991360
36 8 532745
36 451 305418
344 452 99013
703 347 335942
703 660 845314
703 471 692939
599 165 952891
599 417 234318
599 647 312929
234 501 331531
151 470 367065
711 373 348223
716 704 620671
716 479 919663
451 90 865961
660 651 38401
471 229 665055
471 378 895866
471 246 1027
417 436 232959
647 187 880667
470 449 390883
470 349 762233
704 83 832609
704 119 211341
479 267 196204
479 630 34172
229 438 492652
378 208 998335
378 214 645
246 163 393390
246 397 367547
436 370 417200
449 661 644829
349 684 514352
349 87 347856
630 537 824804
630 605 950146
630 648 649794
438 143 137044
214 574 852177
163 144 553004
163 371 879680
397 540 595358
397 591 620028
370 260 504779
661 138 849733
87 440 940703
87 285 720846
537 91 492050
537 493 367725
605 26 380051
648 621 327929
648 539 44405
143 269 735342
574 109 933883
591 290 709760
591 712 662436
260 271 496225
138 498 9347
285 45 790348
285 108 404975
91 134 511076
493 578 915988
621 56 747226
539 450 279571
539 592 577631
539 353 206800
498 192 692390
45 48 514890
108 76 686742
108 283 37582
108 534 339463
108 594 395970
108 705 505893
134 435 197175
134 532 897683
56 645 684346
592 284 377240
353 481 669112
353 616 628767
353 624 637101
192 297 11196
48 201 261862
283 307 422850
594 367 118469
705 315 669027
435 86 239319
481 238 648856
481 460 361333
616 5 969818
624 405 185040
624 231 1812
297 427 678829
297 35 320652
201 4 150655
201 362 636726
201 632 397184
201 634 560123
201 500 784652
367 266 842571
315 264 476806
86 472 499070
86 480 91910
238 547 333814
460 675 280615
5 357 932764
5 52 579386
231 411 151972
427 430 613367
35 572 231957
4 114 333261
632 389 478062
500 677 583806
266 127 80022
266 448 814300
547 253 701144
675 100 480051
675 61 7416
357 412 639485
52 270 42599
411 330 218633
411 142 90291
114 198 296683
114 309 980272
677 689 239195
127 553 918813
448 17 950076
448 37 754363
253 515 401662
100 105 574590
100 652 735512
61 655 203971
412 60 151993
412 40 926588
412 3 915721
412 34 258866
270 682 43946
270 637 453120
270 236 606775
330 276 838765
142 513 383932
142 227 854761
142 609 211096
553 49 3733
553 593 350183
17 628 414079
37 588 439526
515 527 152659
105 261 547326
60 518 63027
40 258 580443
40 395 624851
40 584 919402
3 526 320824
3 488 939621
34 194 555922
34 656 391140
682 183 172392
682 462 991246
682 132 917878
682 627 858813
637 213 641979
236 196 514159
236 680 972694
276 20 387134
276 221 186661
276 672 692565
276 384 724711
227 670 204740
609 717 867326
593 529 729605
628 549 180125
588 416 117823
588 454 289930
588 289 41454
588 191 610124
527 407 799358
395 128 798452
584 465 505234
488 590 72322
194 466 607901
656 2 385015
656 369 870400
183 296 220411
132 186 416363
132 477 39951
627 164 365095
627 311 816299
213 533 966053
196 560 77715
680 325 992778
680 338 436316
680 396 500610
20 181 612952
20 265 280876
221 140 480427
672 106 926285
672 559 464736
384 669 37725
717 304 342559
717 667 948225
529 286 717496
416 404 463199
289 455 447364
191 666 606990
191 263 938798
128 523 845927
465 300 68643
590 67 274953
466 145 625756
369 421 823152
296 230 97195
186 303 521915
164 422 658413
311 688 532420
311 485 798847
311 415 134979
533 322 409221
560 618 376414
325 317 736212
325 42 26339
338 113 817967
338 328 19072
396 249 737907
265 273 585165
265 654 452632
140 564 83462
140 600 823514
140 663 646481
669 642 215139
304 204 976483
304 282 831967
667 329 484001
263 174 772177
263 681 753084
67 314 167538
145 103 599305
421 107 667557
421 424 134408
230 14 78185
230 235 496183
688 12 167964
485 241 329638
485 596 261743
415 177 332431
322 51 768204
322 170 892005
317 57 978403
42 172 204945
328 401 645731
328 387 260567
249 124 51735
249 461 874240
249 244 854925
249 612 537607
663 39 437445
642 561 917966
642 683 980851
282 15 218138
282 161 349729
174 123 622657
681 516 497700
314 268 508185
424 47 774507
596 638 499901
177 640 999306
177 279 820100
51 474 618814
170 116 129529
170 381 690371
170 528 968169
170 525 320583
172 211 401751
401 130 408190
401 568 119209
401 209 304873
387 554 319093
461 64 680827
244 245 232185
244 383 569175
612 237 865638
612 21 809510
612 496 960354
612 710 984794
683 166 368104
683 569 547142
161 122 693360
161 508 255110
161 552 400824
123 337 104730
516 363 466143
516 497 421708
638 160 777827
279 188 572929
279 563 810479
474 507 239152
474 595 831949
528 623 430909
525 699 660743
211 431 583972
211 78 676329
211 380 177911
211 288 318661
130 24 523098
568 376 463384
568 489 711803
209 643 479459
554 23 863726
554 352 780223
383 510 24011
383 406 781062
237 199 643564
21 242 906061
21 583 540462
496 55 361321
496 625 932996
496 626 553285
496 93 861026
508 58 904527
552 210 265550
497 331 813106
497 312 323227
160 365 914227
188 302 859644
563 153 284540
507 50 608308
595 379 590040
623 486 287203
623 316 188317
699 110 510217
431 277 973446
78 410 181145
78 494 881828
380 542 985353
288 257 550016
288 566 721699
489 28 494829
489 342 273207
643 295 34724
23 98 457630
352 700 547606
352 400 491938
406 555 886576
199 340 863046
583 195 530002
55 598 151795
93 356 546209
93 502 887408
93 636 673283
312 517 188926
365 690 747994
302 223 591487
302 68 44394
153 403 507683
153 25 769047
50 350 143435
316 71 42478
316 232 617
494 291 526749
542 319 170969
542 54 404837
542 456 933267
257 305 653165
342 240 463328
295 220 170171
700 339 368338
700 409 777238
700 443 46904
700 375 393620
400 619 984838
400 402 361927
400 250 440035
340 150 147078
636 323 738260
690 185 379527
68 459 501244
25 251 157122
232 635 654732
319 158 374193
319 287 639337
54 206 334522
305 146 213430
240 617 5541
409 193 408604
375 577 525989
619 570 802962
402 175 109082
402 639 424756
250 190 401715
250 701 67722
323 173 872696
185 131 347537
459 81 116320
251 392 140108
206 388 670958
146 256 655675
617 272 891154
617 468 92559
577 111 744522
570 180 328937
190 658 830656
701 10 986811
173 133 932010
173 419 661288
131 541 539791
81 224 59341
392 692 114917
272 326 176995
468 509 538319
111 355 603278
658 96 891478
10 441 188606
541 576 252254
692 207 22724
355 19 716166
576 99 397265
207 587 293857
19 33 652055
19 44 899855
19 694 597338
99 136 272437
99 148 355715
99 137 329617
33 476 288957
44 252 820898
137 293 883852
476 11 532786
476 94 506432
252 77 33677
252 359 735350
293 301 739077
77 82 762417
359 490 672558
359 579 215863
359 678 630241
579 483 121109
483 179 901247
483 657 554461
571 455 150 71 462 162 224 59 454 120 687 389 561 159 509 362 386 445 443 65 308 408 379 158 376 513 245 639 187 651 273 329 75 652 2 469 536 292 58 254 671 210 399 526 39 30 269 122 708 166 261 381 15 534 242 403 670 413 154 226 64 480 613 607 587 572 235 371 284 689 501 291 530 248 569 712 28 94 331 654 597 517 96 294 523 566 626 608 657 119 644 346 614 702 258 422 453 8 419 152 502 57 715 545 684 300 326 706 219 625 6 366 543 11 107 32 356 490 133 309 103 26 144 113 12 148 47 407 511 136 290 589 549 404 268 458 193 521 600 286 264 267 429 603 223 373 472 650 179 141 559 341 7 277 452 666 337 655 165 564 24 70 653 524 110 450 41 482 372 503 339 220 640 149 645 440 388 350 301 180 398 567 510 473 430 641 336 390 518 347 444 441 195 171 90 204 550 505 410 363 425 475 43
