1000 1
0 505 127063
0 240 560015
505 96 39608
240 7 919231
240 363 272690
240 810 716914
810 232 254829
232 883 770964
232 284 175255
883 382 517006
883 448 194448
883 731 442325
883 807 286993
284 140 440535
284 205 452740
284 383 394176
284 357 629503
284 657 294893
807 132 474389
807 872 925840
357 745 693098
657 337 648840
657 874 396399
657 248 292220
132 257 494819
132 933 187446
872 84 890166
872 601 583217
872 349 254735
872 95 30076
872 9 280977
745 1 27634
745 716 143595
745 787 791793
745 705 454734
337 529 486189
248 274 826192
257 650 873033
933 844 737185
933 845 445037
601 118 103844
349 936 643790
95 75 692915
95 656 995149
9 881 197615
1 501 385736
1 672 96577
716 335 391035
716 685 926156
705 569 55627
274 426 947563
274 696 238649
650 645 851258
845 87 529008
845 698 260729
845 530 429499
118 633 330477
118 954 999890
936 283 730463
75 263 493248
656 411 710073
656 254 23896
881 153 7113
881 675 164000
672 60 102654
569 563 767166
569 346 355205
696 65 755770
696 974 945755
645 555 892414
698 443 545192
530 727 169816
283 194 744868
283 991 31175
254 469 70118
153 598 951517
675 522 114655
675 408 291285
675 102 649270
563 420 735913
346 455 807365
65 641 129065
65 134 364349
974 999 344876
443 525 417821
727 664 386365
727 869 609556
991 157 64026
991 846 89076
469 163 855985
598 593 399760
598 879 842467
522 494 522635
408 392 914749
102 175 397991
420 915 379580
455 989 582777
134 147 531133
134 838 108422
999 326 186105
869 320 95364
157 324 857878
846 539 820997
163 815 706690
163 652 736750
392 764 593302
175 391 498430
175 604 217038
915 686 523948
147 769 956430
838 195 808251
838 325 669426
326 277 528367
320 296 839013
320 429 104324
320 229 644635
324 435 602322
539 352 813972
539 537 249617
815 3 164628
652 840 936879
764 552 854352
391 58 517112
391 421 748226
604 236 46466
604 998 604862
195 683 814565
195 762 566359
325 276 606558
325 939 673272
277 682 152957
429 441 946281
229 979 4533
537 670 252009
537 126 733019
3 817 674566
3 687 998268
840 309 555439
552 275 458174
421 143 363880
421 721 571106
998 688 374767
998 36 118900
683 588 1082
762 547 424168
939 536 890703
939 272 6713
979 922 892814
126 639 217494
126 172 807184
687 980 223140
309 92 469476
309 364 367974
309 509 931817
309 557 307988
275 333 253939
275 50 867044
721 948 131325
688 353 3831
36 6 611527
36 866 928247
588 203 735111
547 836 368858
547 196 22585
536 580 965108
272 928 622798
272 155 406333
922 74 614573
922 511 639184
922 919 38352
639 415 855731
172 120 522672
172 750 521996
172 912 755432
172 942 107722
980 890 436057
980 938 339397
364 125 846002
364 590 5736
509 447 547732
509 692 392206
557 166 912947
50 704 381061
50 351 160740
353 591 499838
6 473 932696
836 273 120609
836 506 763361
836 663 591615
196 365 753206
580 615 123072
580 16 475912
928 855 163531
928 235 131168
155 182 331184
155 225 575580
511 169 643979
750 853 558690
912 562 42798
938 524 555914
447 31 372475
166 334 568001
166 532 425435
704 185 400539
704 279 436117
351 512 662277
351 527 102331
591 746 707927
663 574 83005
365 743 966149
365 693 934512
615 23 805848
16 27 226108
855 476 951606
855 889 476035
855 808 733554
235 369 233595
225 958 126722
31 416 940054
334 395 22395
334 812 403704
334 832 384665
532 193 254198
512 970 74734
527 935 996189
746 117 959046
746 643 836372
746 665 525751
574 458 544430
574 467 78159
574 579 30663
743 52 406510
693 875 446437
693 996 118943
27 916 995544
889 48 35312
889 542 930417
808 422 359240
369 159 283450
369 127 489997
369 5 723798
958 710 623623
832 871 48069
193 442 951850
193 629 391108
935 981 610548
665 786 30227
467 361 220443
467 398 873477
467 268 658032
579 929 861041
52 760 952632
52 924 361
52 773 384165
996 336 755055
916 507 158721
422 452 630382
422 111 465520
159 302 463925
127 384 987997
127 723 853330
5 514 620262
710 852 140246
710 740 648421
871 559 21488
871 737 125576
629 390 125261
981 230 950471
981 486 365558
981 977 645302
398 298 609687
268 418 294648
929 4 862089
773 278 201178
773 835 839147
773 679 800592
336 785 784522
336 502 119325
111 124 858192
302 107 224523
723 355 777393
723 843 513971
514 372 679458
514 796 738112
852 490 550274
852 973 251166
852 882 946616
740 904 308262
559 600 453990
559 78 168281
737 264 406338
737 317 82481
737 449 594697
737 308 559261
737 11 705239
737 878 209853
390 790 857515
390 995 705322
230 321 390570
486 909 938645
486 606 261819
4 377 88175
278 457 460391
679 684 199016
679 972 349517
502 347 669881
124 905 408155
124 217 964376
107 138 941288
372 571 990977
796 202 884342
796 112 467931
490 135 673383
882 621 22766
882 246 27968
904 666 319482
600 518 528589
78 77 215580
308 162 442474
11 379 565660
790 620 185903
790 28 699882
790 344 659301
995 577 756470
995 986 51489
321 433 928842
909 183 581276
909 265 485767
606 884 976188
606 151 165227
606 975 785586
377 103 392902
377 742 195675
377 755 111397
684 339 646270
684 244 8340
684 860 968925
347 218 879510
905 949 911769
217 806 920732
571 503 460438
571 526 274268
571 554 582201
112 180 410780
135 500 816819
246 460 406071
246 285 995548
666 535 223131
666 190 345699
77 176 845664
77 788 295201
162 478 274194
379 113 349037
28 732 8657
344 179 586991
986 381 192564
433 123 983754
265 695 309399
151 329 706988
755 239 913237
755 818 501139
244 576 399465
244 734 372014
218 816 487204
949 211 604072
806 204 653638
806 821 184754
806 849 550813
554 152 127000
554 305 909885
180 510 834566
180 897 758585
180 583 256249
460 427 996823
460 725 354119
285 941 211335
190 199 175756
190 714 644494
190 83 881371
176 170 607545
788 780 687444
113 192 904737
113 825 588596
732 295 298702
732 668 674931
732 819 625040
179 599 293199
179 967 92606
381 136 863212
695 824 902972
329 908 303642
329 605 595644
818 475 393943
734 80 712072
734 627 311394
821 934 584987
849 917 912870
849 839 838108
152 22 253823
305 216 847495
510 595 966074
897 822 887277
583 223 839761
427 634 809862
941 994 236533
199 440 569339
714 659 7034
714 400 660643
83 619 35309
83 779 973712
83 8 235753
668 97 628396
668 582 405617
819 893 742623
599 708 589354
967 260 520469
967 809 417956
136 156 848063
136 867 106597
605 969 216370
475 101 628864
475 160 202117
475 988 276256
627 45 574303
934 625 750382
839 901 837484
839 300 664529
22 570 592557
216 90 127887
216 149 317071
223 565 351221
223 959 192405
440 73 28062
440 72 811240
659 104 862874
400 137 445253
619 709 600151
619 744 658279
8 234 603249
8 425 7756
8 719 265941
8 405 234160
582 584 872940
893 718 771602
708 856 607530
708 957 442468
260 227 922674
260 410 494700
260 903 357879
809 376 381259
809 632 352842
809 644 252888
809 463 293828
156 200 7500
156 488 499996
156 323 775379
867 436 340757
867 861 22897
988 128 199183
988 902 89273
988 962 244856
45 161 813539
300 628 846709
300 784 556295
149 820 553661
959 927 81239
959 226 943067
73 622 230276
72 354 820740
72 736 66109
104 553 390996
104 360 211510
137 992 49679
744 756 219178
719 267 347892
405 831 897692
405 978 398429
405 540 145796
584 863 487439
718 51 465935
718 772 279835
718 520 12184
227 109 875223
227 141 140650
410 258 69888
410 370 11906
376 43 265644
632 121 148292
644 635 336917
463 86 670572
463 575 353387
463 546 132335
488 56 532231
323 66 106810
436 79 164692
902 54 823131
161 648 612420
628 206 640316
784 865 420130
784 963 560539
927 414 422253
927 752 196456
226 754 786230
226 984 156244
622 669 845489
736 484 206268
553 105 836613
360 53 618474
360 148 25590
360 496 982407
360 618 911732
992 315 636597
756 706 825890
756 753 64305
267 711 590259
831 768 186009
540 25 407953
540 63 778188
540 543 950998
863 24 420062
51 271 903012
51 456 163931
772 201 550957
520 794 76176
520 702 749751
370 423 235861
635 777 788053
546 2 571027
546 837 964783
66 342 14410
66 444 655606
66 528 595085
66 533 329295
79 834 330707
79 850 217907
54 253 510337
54 47 453183
54 328 54273
54 15 312816
206 646 603413
865 393 812584
963 130 875895
963 906 896130
754 367 267367
984 717 545910
669 437 70667
669 461 730911
484 61 950005
484 877 448680
484 373 585804
105 380 742292
618 142 532546
315 747 989649
768 608 586763
25 133 94137
63 741 699735
543 20 713422
543 69 924638
543 560 22599
24 499 378216
24 281 597684
201 761 610792
794 198 173750
702 93 90894
702 833 895646
702 964 232133
777 150 103429
2 341 646103
837 581 692234
837 925 717382
528 303 470660
253 168 818309
253 209 969759
47 262 119792
15 854 532348
15 913 597804
15 649 216881
717 516 416594
461 210 124038
461 212 120440
461 406 798280
877 438 436590
877 332 947296
373 770 951604
373 842 752698
380 402 355413
380 42 747026
142 91 196944
747 81 803364
747 310 997781
608 892 52329
133 573 986611
741 911 51364
741 220 947879
560 489 908628
560 464 218738
281 586 249797
198 870 101158
93 34 867727
93 597 32803
93 459 686029
833 898 894928
964 712 851616
341 680 339108
925 596 231783
854 224 20213
854 572 716322
913 724 746648
649 255 253189
649 952 151673
516 498 33372
332 466 738488
842 419 196258
402 85 360653
42 602 998110
42 814 299305
91 207 36058
91 89 789188
573 561 319917
911 362 379971
911 697 551135
220 215 87868
489 454 887514
489 468 789386
464 611 815492
464 41 603482
464 184 333057
870 197 814414
459 658 642722
898 286 273251
898 439 174423
898 10 418947
712 21 177155
596 720 220579
596 722 472969
596 487 319499
572 407 553803
952 585 686839
466 847 368012
466 751 28844
419 690 791016
814 19 241695
814 677 855097
207 462 502754
207 895 41087
89 951 406231
89 990 585892
561 450 621988
362 345 393715
697 541 113380
215 348 64023
215 667 194530
215 920 728153
468 177 918351
468 222 334696
468 859 347386
611 358 465843
611 888 834150
41 993 401364
184 256 234448
184 823 655853
184 39 544115
658 521 61446
658 568 547038
658 387 726610
286 116 320932
439 550 304107
10 289 91789
722 800 355710
487 767 662790
487 399 511504
585 538 513052
585 508 223802
751 164 949024
690 671 555593
19 114 759195
462 654 68069
951 803 404519
951 894 289484
450 617 357980
345 249 922900
541 483 572307
348 167 66806
348 366 728052
348 46 181080
667 791 627336
920 241 842982
222 616 48888
256 862 50344
823 110 577335
823 965 913167
39 715 154053
521 556 591399
387 122 14130
387 412 721799
289 798 485949
800 678 185780
767 802 670302
399 35 953674
399 531 682973
399 29 603520
399 623 873450
508 749 435707
508 430 392855
508 115 526773
164 955 106946
671 830 223361
671 674 247333
803 306 436182
167 208 486658
46 59 465773
791 331 539731
241 907 546400
110 781 372556
110 876 835419
715 245 838242
715 609 875032
715 186 470423
715 930 257310
412 703 162753
798 567 79136
798 513 118723
678 481 506507
802 311 502712
35 108 694073
29 900 989117
623 57 751512
623 287 693225
623 294 799069
430 371 75562
430 763 372024
115 32 301374
115 932 589878
955 926 84884
955 983 534862
674 158 640382
59 759 257275
907 26 292873
876 280 304813
245 297 603407
609 409 1722
609 587 56388
609 403 336329
186 662 555984
186 971 86613
930 699 371356
930 242 648247
513 99 569360
513 614 215478
311 14 781052
311 544 192251
311 782 517980
900 482 343975
900 551 122295
287 493 523910
294 987 408329
926 432 181768
926 774 335791
158 735 726260
158 171 482091
759 214 924001
409 378 58850
403 960 361866
403 340 486207
662 187 748507
662 805 759787
242 413 52792
242 956 969780
242 858 300304
14 261 193566
14 707 138682
544 322 916588
544 292 179745
544 638 728330
782 713 816444
551 188 309713
493 492 804142
493 966 431901
987 238 256208
987 681 488346
432 88 924624
774 428 572463
735 131 702913
735 100 59977
171 950 135128
340 589 956253
340 689 522300
340 338 916052
187 434 983091
956 783 274560
858 327 286331
858 918 512137
858 64 590339
707 307 869656
707 82 609962
292 129 242376
292 910 108695
638 548 803345
638 213 128644
713 67 30486
713 558 673703
966 931 608255
681 923 533752
88 453 974241
428 38 276060
428 181 461682
131 479 608861
100 291 933331
950 394 663777
689 728 93415
689 857 758689
338 178 865449
338 250 568324
338 968 166783
434 173 44063
783 566 820022
64 30 902364
82 766 571390
910 145 805756
910 610 798128
548 813 491327
213 62 948813
213 472 501743
213 701 530835
558 578 114353
931 676 758396
923 252 76581
923 68 548529
453 350 768639
453 446 915055
453 799 591555
181 312 427194
181 729 855259
291 841 26068
291 470 647907
291 738 905714
291 976 457437
394 37 938052
728 655 338334
250 368 22805
250 594 960835
968 778 834243
566 491 343186
566 465 909352
30 233 883856
30 237 469955
30 899 679667
610 504 14686
610 251 250573
813 94 18566
701 775 10916
701 937 783520
701 519 88321
578 982 129769
676 733 918159
252 477 48887
68 961 59715
350 269 735937
799 139 395212
312 626 255904
729 431 213189
470 270 113884
738 485 802880
37 76 942557
37 517 985507
37 146 628946
37 282 338709
594 549 219064
778 189 995709
491 247 353362
465 630 947958
465 826 326789
899 811 63410
899 757 306207
504 880 68102
251 660 881356
251 793 278269
251 480 580092
94 896 781067
775 651 590972
937 758 167400
519 953 817883
733 316 29666
733 694 806533
733 726 201197
477 388 35376
961 288 57573
139 313 224170
431 891 218257
270 829 361063
270 154 648070
485 243 287715
485 386 192430
146 445 437317
282 389 968193
282 191 713386
247 424 829005
630 730 988370
811 776 502549
757 55 237887
757 375 823062
757 624 687127
757 642 119571
757 49 622385
480 165 978255
480 946 722156
651 661 255577
758 947 836924
316 612 766364
694 603 177944
388 945 747344
313 474 360754
313 640 650759
891 12 835166
891 864 965136
829 396 68720
154 886 909738
386 828 717279
445 636 298279
445 797 194472
389 673 298661
389 356 721744
191 319 10721
191 631 305413
55 13 434657
55 293 712076
375 144 588529
624 534 2665
642 885 216593
49 765 46012
49 385 9982
946 301 334286
947 259 834312
12 848 527488
864 401 106318
886 700 319478
828 921 524999
797 314 305786
673 40 459022
356 359 24980
319 873 619013
631 564 416036
293 266 493128
534 592 978084
885 71 875665
385 495 554079
301 106 915144
700 792 748520
40 827 625371
40 851 456129
359 70 265819
359 739 12786
564 304 129017
564 771 468439
564 985 618171
71 637 909537
495 997 560713
106 44 221473
106 228 901988
827 98 809491
827 940 18815
851 887 885137
851 318 368942
70 868 344086
739 944 379575
771 607 256395
771 18 283458
985 451 931756
940 299 610789
940 613 834368
318 789 549956
868 417 332507
868 804 868248
944 374 728460
944 653 898269
944 691 167751
607 397 727864
607 221 683209
18 219 622937
299 174 984903
789 471 136426
417 33 271827
417 17 245590
804 795 167898
691 523 238156
221 497 573991
219 343 796422
471 748 419113
33 545 542091
17 515 805558
523 119 169853
343 231 900458
343 330 869005
748 943 344711
545 290 198039
515 801 584992
330 914 963666
943 647 706029
647 404 707427
896
