1000 9
0 1 598977
0 2 711804
0 3 66702
1 4 626615
2 5 179414
3 6 504638
4 7 995427
5 8 563917
6 9 463538
7 10 736593
8 11 224249
9 12 843361
10 13 207367
11 14 635466
12 15 895530
13 16 675806
14 17 770789
15 18 520961
16 19 793005
17 20 99623
18 21 534258
19 22 517197
20 23 849757
21 24 60745
22 25 758662
23 26 434789
24 27 766108
25 28 677527
26 29 670507
27 30 924436
28 31 222710
29 32 961429
30 33 286492
31 34 605834
32 35 808677
33 36 59638
34 37 627442
35 38 882246
36 39 29064
37 40 904855
38 41 307119
39 42 387702
40 43 94838
41 44 819068
42 45 402166
43 46 481954
44 47 686266
45 48 896688
46 49 408738
47 50 15254
48 51 867367
49 52 59961
50 53 302552
51 54 198081
52 55 441208
53 56 582541
54 57 946403
55 58 987703
56 59 583113
57 60 699489
58 61 439753
59 62 596647
60 63 109703
61 64 927194
62 65 369359
63 66 623970
64 67 502763
65 68 113189
66 69 312103
67 70 948833
68 71 632988
69 72 396924
70 73 239816
71 74 313534
72 75 112377
73 76 415239
74 77 964282
75 78 599419
76 79 272022
77 80 330908
78 81 68
79 82 345950
80 83 528570
81 84 206273
82 85 939152
83 86 157414
84 87 220791
85 88 4654
86 89 993331
87 90 307396
88 91 301498
89 92 363970
90 93 766
91 94 961767
92 95 704061
93 96 223301
94 97 605439
95 98 494335
96 99 442980
97 100 298021
98 101 729741
99 102 954700
100 103 675553
101 104 37737
102 105 401253
103 106 449858
104 107 555067
105 108 917331
106 109 497353
107 110 515955
108 111 679697
109 112 535482
110 113 59380
111 114 2859
112 115 250037
113 116 295882
114 117 194543
115 118 847619
116 119 334203
117 120 40147
118 121 689576
119 122 489497
120 123 573358
121 124 245827
122 125 921771
123 126 570816
124 127 369402
125 128 340254
126 129 343218
127 130 704972
128 131 555775
129 132 36403
130 133 458090
131 134 833192
132 135 899121
133 136 887889
134 137 233543
135 138 486721
136 139 221270
137 140 678723
138 141 583040
139 142 64538
140 143 898160
141 144 915648
142 145 85175
143 146 34087
144 147 264156
145 148 559815
146 149 770580
147 150 31356
148 151 769938
149 152 877687
150 153 97049
151 154 314174
152 155 390370
153 156 138800
154 157 724216
155 158 471175
156 159 438207
157 160 974054
158 161 195371
159 162 745510
160 163 567312
161 164 185398
162 165 940782
163 166 414803
164 167 485063
165 168 451697
166 169 410698
167 170 95290
168 171 134738
169 172 548626
170 173 139557
171 174 665621
172 175 572211
173 176 656095
174 177 213103
175 178 801788
176 179 496447
177 180 696848
178 181 724965
179 182 165095
180 183 494413
181 184 643614
182 185 90332
183 186 54110
184 187 478267
185 188 995068
186 189 216695
187 190 534243
188 191 967847
189 192 677623
190 193 150821
191 194 592516
192 195 172565
193 196 43659
194 197 435966
195 198 814487
196 199 685059
197 200 734581
198 201 12752
199 202 3660
200 203 857046
201 204 995452
202 205 469990
203 206 574359
204 207 237417
205 208 389900
206 209 595779
207 210 224828
208 211 937088
209 212 881077
210 213 255078
211 214 802649
212 215 865484
213 216 783318
214 217 198014
215 218 74611
216 219 691927
217 220 564846
218 221 282784
219 222 72529
220 223 925361
221 224 679161
222 225 878677
223 226 96240
224 227 471151
225 228 37628
226 229 868872
227 230 774748
228 231 157439
229 232 787321
230 233 907162
231 234 368006
232 235 940746
233 236 729831
234 237 998821
235 238 923837
236 239 164404
237 240 354623
238 241 708222
239 242 41993
240 243 578598
241 244 219198
242 245 73980
243 246 905389
244 247 500097
245 248 588110
246 249 273971
247 250 258547
248 251 444604
249 252 114618
250 253 394863
251 254 788915
252 255 393813
253 256 988738
254 257 868986
255 258 944505
256 259 784774
257 260 232647
258 261 338262
259 262 302988
260 263 72465
261 264 924897
262 265 111523
263 266 800217
264 267 460172
265 268 672720
266 269 216456
267 270 562392
268 271 503909
269 272 490291
270 273 557600
271 274 306310
272 275 225689
273 276 121470
274 277 993946
275 278 870520
276 279 438705
277 280 889110
278 281 755593
279 282 915376
280 283 490478
281 284 53378
282 285 287610
283 286 776933
284 287 261823
285 288 802120
286 289 464576
287 290 890014
288 291 541012
289 292 179815
290 293 985199
291 294 54880
292 295 302891
293 296 895772
294 297 713223
295 298 278229
296 299 458159
297 300 931522
298 301 362386
299 302 181001
300 303 645899
301 304 950566
302 305 985729
303 306 991167
304 307 322475
305 308 90336
306 309 752048
307 310 940730
308 311 823569
309 312 464751
310 313 412269
311 314 27049
312 315 358140
313 316 906658
314 317 10703
315 318 979493
316 319 619135
317 320 988858
318 321 203809
319 322 558767
320 323 345067
321 324 470563
322 325 186168
323 326 986326
324 327 118465
325 328 145997
326 329 360614
327 330 897071
328 331 420311
329 332 267026
330 333 954735
331 334 600586
332 335 113575
333 336 163868
334 337 197069
335 338 733157
336 339 68404
337 340 156679
338 341 72348
339 342 496451
340 343 315085
341 344 212878
342 345 548216
343 346 25226
344 347 602180
345 348 890705
346 349 675601
347 350 310745
348 351 882283
349 352 690934
350 353 743442
351 354 985079
352 355 4350
353 356 608229
354 357 892615
355 358 941011
356 359 722167
357 360 801512
358 361 23870
359 362 864727
360 363 607983
361 364 33313
362 365 99669
363 366 34228
364 367 529166
365 368 722416
366 369 645254
367 370 374648
368 371 928664
369 372 448167
370 373 520103
371 374 994269
372 375 861303
373 376 230079
374 377 169906
375 378 590574
376 379 944628
377 380 742332
378 381 567814
379 382 61292
380 383 802883
381 384 285120
382 385 924849
383 386 151070
384 387 271307
385 388 896176
386 389 330938
387 390 719340
388 391 295284
389 392 970768
390 393 364512
391 394 491848
392 395 556028
393 396 146358
394 397 675753
395 398 524713
396 399 128752
397 400 691572
398 401 169265
399 402 907237
400 403 774392
401 404 464886
402 405 319802
403 406 660792
404 407 911018
405 408 505913
406 409 696732
407 410 211663
408 411 853377
409 412 557371
410 413 940880
411 414 822146
412 415 964546
413 416 862472
414 417 159467
415 418 14452
416 419 350192
417 420 329425
418 421 44549
419 422 483135
420 423 593518
421 424 262850
422 425 763291
423 426 166115
424 427 242366
425 428 948653
426 429 253292
427 430 45465
428 431 491663
429 432 246598
430 433 493607
431 434 388808
432 435 460282
433 436 486123
434 437 455194
435 438 882359
436 439 126872
437 440 152664
438 441 516799
439 442 646483
440 443 339166
441 444 82664
442 445 255820
443 446 418939
444 447 216270
445 448 978012
446 449 967841
447 450 50219
448 451 636652
449 452 780675
450 453 8545
451 454 898620
452 455 232116
453 456 436983
454 457 91102
455 458 326290
456 459 749868
457 460 171522
458 461 205888
459 462 98032
460 463 758698
461 464 54266
462 465 378984
463 466 148508
464 467 187901
465 468 774726
466 469 239987
467 470 938056
468 471 5768
469 472 303638
470 473 472974
471 474 501896
472 475 807828
473 476 755686
474 477 321615
475 478 652100
476 479 638225
477 480 457024
478 481 220738
479 482 498286
480 483 419042
481 484 640034
482 485 875700
483 486 437452
484 487 168327
485 488 627473
486 489 239440
487 490 106431
488 491 803738
489 492 834568
490 493 982443
491 494 77384
492 495 414501
493 496 142594
494 497 331724
495 498 238151
496 499 172406
497 500 442096
498 501 71065
499 502 421425
500 503 348087
501 504 853356
502 505 22518
503 506 74278
504 507 86451
505 508 839917
506 509 314658
507 510 542637
508 511 973974
509 512 2194
510 513 436432
511 514 256812
512 515 204446
513 516 651856
514 517 818980
515 518 599171
516 519 394617
517 520 350013
518 521 485070
519 522 126891
520 523 990123
521 524 848521
522 525 136098
523 526 728279
524 527 813684
525 528 253694
526 529 514615
527 530 329788
528 531 85335
529 532 171891
530 533 528871
531 534 932481
532 535 538339
533 536 718978
534 537 8956
535 538 858224
536 539 642045
537 540 879879
538 541 445619
539 542 472156
540 543 264875
541 544 537055
542 545 822014
543 546 280167
544 547 745834
545 548 483202
546 549 184887
547 550 682710
548 551 125628
549 552 4419
550 553 371963
551 554 879547
552 555 504783
553 556 492031
554 557 366140
555 558 226661
556 559 695025
557 560 651313
558 561 270350
559 562 147369
560 563 942962
561 564 932221
562 565 917125
563 566 433824
564 567 818463
565 568 195354
566 569 736599
567 570 181702
568 571 617538
569 572 713115
570 573 987047
571 574 76163
572 575 358845
573 576 963961
574 577 765721
575 578 632520
576 579 245663
577 580 173865
578 581 974393
579 582 614773
580 583 661840
581 584 52935
582 585 994845
583 586 6864
584 587 185282
585 588 195922
586 589 994237
587 590 924660
588 591 729389
589 592 295395
590 593 992298
591 594 54907
592 595 797676
593 596 441342
594 597 64466
595 598 133599
596 599 990703
597 600 961069
598 601 758364
599 602 612274
600 603 541803
601 604 126535
602 605 668881
603 606 869146
604 607 558021
605 608 120182
606 609 218931
607 610 553081
608 611 527513
609 612 529586
610 613 387733
611 614 954755
612 615 133865
613 616 179933
614 617 348008
615 618 265091
616 619 660354
617 620 293946
618 621 9286
619 622 890349
620 623 155787
621 624 575474
622 625 840600
623 626 880058
624 627 317495
625 628 347145
626 629 217480
627 630 891506
628 631 747060
629 632 479323
630 633 181235
631 634 946255
632 635 289633
633 636 963190
634 637 602366
635 638 168653
636 639 325017
637 640 215095
638 641 265756
639 642 582027
640 643 206685
641 644 603079
642 645 215273
643 646 537260
644 647 365774
645 648 988220
646 649 459203
647 650 25693
648 651 627057
649 652 848380
650 653 474883
651 654 778621
652 655 149076
653 656 806119
654 657 58953
655 658 576308
656 659 432255
657 660 634640
658 661 367134
659 662 552648
660 663 752692
661 664 822841
662 665 863906
663 666 696398
664 667 618550
665 668 40621
666 669 984238
667 670 850569
668 671 253230
669 672 425652
670 673 736373
671 674 260761
672 675 422581
673 676 62691
674 677 80083
675 678 478679
676 679 226252
677 680 157339
678 681 749310
679 682 530678
680 683 864552
681 684 111882
682 685 562422
683 686 216469
684 687 424370
685 688 321888
686 689 575074
687 690 357042
688 691 810504
689 692 313850
690 693 474690
691 694 356631
692 695 763471
693 696 818738
694 697 886768
695 698 435188
696 699 482536
697 700 193688
698 701 30915
699 702 58074
700 703 63640
701 704 50295
702 705 97380
703 706 159159
704 707 962233
705 708 89402
706 709 199841
707 710 731833
708 711 132944
709 712 868819
710 713 759095
711 714 360508
712 715 551016
713 716 500755
714 717 536176
715 718 453180
716 719 956681
717 720 513334
718 721 396240
719 722 963551
720 723 793406
721 724 510088
722 725 676175
723 726 971242
724 727 325992
725 728 378636
726 729 325982
727 730 208322
728 731 127135
729 732 76542
730 733 827858
731 734 379306
732 735 417767
733 736 390299
734 737 783266
735 738 91699
736 739 923333
737 740 2000
738 741 52687
739 742 77267
740 743 446054
741 744 28855
742 745 168764
743 746 322483
744 747 664666
745 748 937676
746 749 29775
747 750 30178
748 751 20537
749 752 739317
750 753 530562
751 754 266296
752 755 481836
753 756 818010
754 757 737285
755 758 607439
756 759 934872
757 760 304374
758 761 372302
759 762 147120
760 763 332911
761 764 90748
762 765 775119
763 766 564449
764 767 452794
765 768 391232
766 769 35842
767 770 144651
768 771 413148
769 772 976831
770 773 206206
771 774 827763
772 775 693823
773 776 484464
774 777 219019
775 778 854328
776 779 761465
777 780 380959
778 781 777585
779 782 144654
780 783 38205
781 784 234844
782 785 891518
783 786 531290
784 787 472765
785 788 941165
786 789 268731
787 790 490317
788 791 500902
789 792 408728
790 793 427219
791 794 551432
792 795 975290
793 796 55581
794 797 323692
795 798 384399
796 799 402006
797 800 901145
798 801 300807
799 802 192552
800 803 280305
801 804 126157
802 805 529675
803 806 870351
804 807 70844
805 808 132258
806 809 190127
807 810 978418
808 811 99776
809 812 254763
810 813 976036
811 814 700055
812 815 793134
813 816 409474
814 817 186730
815 818 703855
816 819 18544
817 820 136260
818 821 691720
819 822 608264
820 823 979423
821 824 141350
822 825 464131
823 826 326604
824 827 740177
825 828 496624
826 829 81392
827 830 138484
828 831 522454
829 832 53406
830 833 496154
831 834 302811
832 835 787142
833 836 829179
834 837 857
835 838 57178
836 839 676273
837 840 547950
838 841 99727
839 842 730209
840 843 565601
841 844 219618
842 845 79145
843 846 845988
844 847 704276
845 848 776623
846 849 712145
847 850 126629
848 851 497571
849 852 355950
850 853 53187
851 854 715894
852 855 471311
853 856 884604
854 857 373939
855 858 343757
856 859 622672
857 860 122598
858 861 872295
859 862 828826
860 863 49421
861 864 544060
862 865 90279
863 866 901337
864 867 196458
865 868 409821
866 869 351409
867 870 122230
868 871 392648
869 872 679332
870 873 482053
871 874 101681
872 875 649094
873 876 303327
874 877 230091
875 878 164255
876 879 852434
877 880 945611
878 881 254914
879 882 313980
880 883 501354
881 884 129731
882 885 852178
883 886 567453
884 887 955183
885 888 779045
886 889 763166
887 890 922084
888 891 177423
889 892 470906
890 893 211041
891 894 693833
892 895 508407
893 896 197017
894 897 769622
895 898 793388
896 899 750660
897 900 371208
898 901 720090
899 902 143359
900 903 669148
901 904 424694
902 905 189408
903 906 772108
904 907 163129
905 908 533418
906 909 659277
907 910 258731
908 911 617516
909 912 538532
910 913 815577
911 914 196491
912 915 262651
913 916 373733
914 917 810257
915 918 895219
916 919 219548
917 920 799445
918 921 96248
919 922 13579
920 923 879013
921 924 699359
922 925 916050
923 926 20726
924 927 411061
925 928 882850
926 929 837027
927 930 601283
928 931 996570
929 932 43152
930 933 893190
931 934 148366
932 935 351135
933 936 648884
934 937 993302
935 938 352358
936 939 914840
937 940 803251
938 941 784826
939 942 537540
940 943 157706
941 944 816028
942 945 193627
943 946 639156
944 947 255408
945 948 203900
946 949 902809
947 950 816438
948 951 819844
949 952 143479
950 953 557811
951 954 258855
952 955 46655
953 956 117736
954 957 963538
955 958 994063
956 959 172619
957 960 803800
958 961 380477
959 962 332398
960 963 32875
961 964 159160
962 965 144519
963 966 557300
964 967 869940
965 968 872471
966 969 881399
967 970 413414
968 971 772383
969 972 169468
970 973 406204
971 974 881623
972 975 478127
973 976 452708
974 977 34483
975 978 363913
976 979 455728
977 980 879025
978 981 759245
979 982 132488
980 983 105847
981 984 778754
982 985 774202
983 986 59879
984 987 487737
985 988 456399
986 989 12287
987 990 219889
988 993 824310
988 996 298364
988 999 575166
989 991 622286
989 994 563222
989 997 44525
990 992 595551
990 995 462334
990 998 813991
991 992 993 994 995 996 997 998 999
