610 45
0 405 380924
0 201 719790
0 574 675845
0 85 592661
201 531 308497
574 101 347930
574 283 402702
85 319 424380
85 335 121508
531 515 132543
101 352 472974
283 600 36119
319 368 426451
335 192 439518
335 315 696524
352 310 955538
352 118 983876
352 140 266200
600 198 311797
600 76 330855
368 195 368260
368 290 509656
368 429 311637
192 493 282669
192 399 586076
192 512 968624
315 83 1366
315 100 850568
118 10 828356
118 393 141120
140 58 869996
140 339 217166
76 590 84799
290 487 287716
429 208 737515
493 186 534444
399 500 271522
512 286 246667
512 450 158488
83 204 21654
83 244 439446
100 187 679367
10 25 483265
393 276 707350
393 317 358314
393 391 217384
393 270 531945
58 141 384854
339 264 391136
208 558 766658
204 268 729325
204 379 17291
244 561 873826
244 31 992974
187 513 803508
187 131 806982
391 374 851209
391 402 524085
391 224 675536
270 84 85712
270 572 604557
270 278 798707
141 96 375368
264 566 568747
264 22 90320
31 145 670542
31 392 925103
131 466 56788
131 591 460069
131 321 163466
131 573 741542
131 595 476303
402 176 798383
224 285 133288
572 199 526123
572 214 980670
278 583 873083
96 197 699241
22 507 65613
145 434 965583
145 136 10752
392 488 958615
466 129 935881
321 476 150128
573 123 620140
573 249 28620
595 172 653343
285 457 945738
583 551 607341
507 9 858491
507 165 787544
136 444 918766
488 483 355600
488 236 792695
476 157 921040
476 221 73890
123 305 943773
123 452 641455
249 311 530910
249 160 958031
172 17 743333
172 71 132929
172 253 628913
457 473 663684
457 569 987160
9 243 498536
165 587 606455
444 520 983773
444 119 73571
483 349 19166
236 52 506610
157 309 815375
157 376 467337
221 205 922017
160 427 223376
253 440 810226
253 536 866008
569 180 628959
569 530 505704
587 258 365953
520 66 108040
520 431 690062
119 132 688563
119 24 815969
349 250 848005
52 533 509655
309 163 467932
376 231 632386
376 412 25935
376 548 328507
376 524 877479
205 269 227103
205 599 155388
427 588 715438
427 238 507191
440 121 162011
536 168 45815
536 609 703467
530 322 481105
530 307 677340
431 446 520415
132 277 854463
132 378 707264
24 279 912895
24 420 347857
24 394 811442
533 510 636986
533 106 88455
533 173 282341
163 166 726791
231 262 668844
524 563 778774
269 95 916014
599 422 675180
238 126 761471
238 340 203763
238 185 608453
121 581 298484
168 59 966805
322 341 269475
307 494 939328
446 406 899929
279 105 218748
420 472 325383
394 327 548897
106 584 552018
173 383 357470
95 363 865558
422 89 411084
185 151 56266
185 115 648180
185 27 921380
59 482 168523
105 430 369925
105 432 774235
472 330 478368
327 442 834272
327 445 54054
584 522 117886
584 257 561724
383 433 188552
363 245 310273
363 282 884259
89 492 346643
89 212 737047
115 366 193989
27 557 718222
482 291 197981
482 441 760890
432 261 894607
442 297 539357
445 490 904141
257 94 285781
257 69 493377
433 125 383523
492 34 888571
492 271 938818
492 359 439689
212 388 334777
212 415 89210
557 256 301762
441 358 897247
441 413 822586
490 580 667270
94 183 657326
94 348 72112
94 425 557520
69 589 508750
125 495 81684
125 418 652569
125 459 988267
271 149 895694
271 184 922889
359 471 89357
388 437 206368
415 21 147262
256 564 729120
413 274 866060
425 385 871640
425 232 863197
589 361 832471
418 74 12218
418 544 948692
459 354 620206
459 501 41679
21 87 11059
21 47 859620
564 62 551689
564 138 899682
564 190 403984
274 288 888363
232 223 355862
232 357 108227
232 401 412140
544 514 702204
354 567 421659
501 543 964281
501 545 376120
87 19 22056
47 549 662614
190 148 873565
288 511 841795
514 337 54690
514 424 780069
567 525 500130
543 139 959397
545 320 597588
549 395 325480
148 266 415091
148 308 172900
511 313 678919
511 252 716615
424 91 334682
525 12 909852
525 329 316304
525 206 762168
139 436 402602
139 4 432454
320 78 7229
320 259 42214
308 226 973316
252 539 360982
91 575 492414
91 603 854497
206 443 187500
206 408 150704
206 281 911587
4 377 9448
4 215 219402
78 275 537208
259 50 530085
259 481 64448
259 230 117074
226 154 690486
539 64 906927
539 127 930233
575 56 559119
408 336 552311
408 235 229978
281 241 461763
281 170 697928
377 43 175961
215 407 371948
215 547 28361
215 553 51072
275 104 254458
275 42 452917
275 161 916965
275 8 830995
481 458 954779
230 242 146089
230 596 532475
154 255 551465
64 579 9430
127 455 615306
127 423 760499
235 153 536111
235 188 303200
235 181 950482
170 26 90136
170 117 983893
547 375 280676
553 156 848410
553 475 928958
553 421 236049
104 133 614498
42 390 610350
161 597 869022
8 373 638999
8 23 358889
458 461 986265
596 29 120943
596 519 852396
596 287 543877
255 207 503564
579 177 693636
579 332 950384
423 538 778931
181 396 862013
181 222 77623
26 72 897376
117 299 369343
475 328 454477
475 403 504714
421 502 749548
421 552 785912
390 263 399199
390 409 92077
373 162 70291
23 559 935384
23 32 383763
29 410 820057
519 134 776753
287 428 25469
207 365 774665
538 370 500606
222 571 543845
299 14 317412
403 142 47548
403 353 626198
403 159 821894
502 135 220092
502 211 502738
162 55 403500
32 582 147691
32 293 819621
410 122 592141
410 301 147078
428 397 572258
365 540 8469
365 608 798181
370 30 948781
370 15 686273
571 210 23595
571 99 446559
14 565 346307
14 86 592750
159 116 403767
293 435 666143
293 447 402523
122 280 793924
397 97 781919
397 57 255741
608 517 688788
15 504 587484
15 448 686136
99 219 209303
99 355 578061
565 6 656694
565 527 152421
86 35 280611
116 225 427925
435 528 116013
447 246 760430
57 265 649070
517 469 679102
504 80 138922
448 77 865113
448 541 42884
448 607 247629
355 216 873968
355 411 733469
355 228 503353
6 477 960625
527 346 878244
35 496 814267
35 602 549830
225 333 682132
225 150 128834
528 111 823264
246 439 749133
246 303 39419
265 143 803822
80 386 32873
80 67 418794
607 112 587797
607 82 537301
228 532 568547
477 380 637083
346 191 866465
346 535 372974
346 61 339025
496 577 717902
496 592 402335
602 88 693986
602 28 57439
150 68 931507
111 229 289537
439 480 198248
303 113 627431
303 178 526570
143 529 456350
386 260 633843
67 550 820003
112 234 961616
112 568 152468
82 604 489421
532 1 175613
532 593 422895
191 312 876813
61 554 860394
577 578 422721
88 114 362066
28 369 951283
28 562 572884
68 387 912418
68 479 145222
229 456 649200
229 453 274965
113 13 897049
113 189 14147
178 331 814957
529 2 811544
529 73 558690
529 419 622722
529 254 385865
260 426 941005
550 556 628183
234 53 222811
234 292 452275
234 314 498971
604 233 93619
1 344 724958
1 202 973550
312 79 347998
554 194 6736
554 586 776308
578 103 706844
578 468 677780
479 164 537321
479 325 999685
456 306 557561
456 414 866488
453 248 446451
331 601 71422
331 474 243579
419 179 141021
254 464 526871
254 49 116341
426 467 457320
556 389 49459
233 144 688937
233 347 871139
202 384 960992
79 65 517139
79 93 957431
194 382 348357
586 438 193436
164 342 112904
325 36 209489
325 499 783030
325 546 813215
414 81 937224
414 120 415545
414 209 140108
414 478 970949
248 33 879467
248 137 801474
601 90 783157
474 605 361991
464 345 180554
464 239 142132
49 360 268806
49 294 498381
467 147 472499
389 316 28951
144 193 154912
144 485 331478
347 465 2882
347 48 166772
347 518 176532
384 18 778027
384 54 432487
93 251 735033
382 295 226896
382 298 999576
342 124 270799
342 37 941665
36 20 757011
499 526 195061
209 11 837395
33 7 265822
33 451 116850
137 92 254835
137 417 14966
137 63 717829
345 416 805388
239 371 693410
239 398 247607
239 343 976048
294 237 420763
294 560 80684
147 169 261082
316 555 946338
465 182 237703
48 509 703533
518 128 80357
518 570 617142
54 110 289185
298 304 793339
298 585 120079
37 351 167330
7 203 721717
451 102 472261
451 486 783311
451 218 810920
63 44 104865
416 41 1100
398 326 271554
343 470 679738
237 267 606865
560 463 949941
560 356 328614
560 324 602264
555 516 719602
182 334 939448
182 462 903044
509 227 496529
570 381 78360
110 38 65395
351 217 896981
351 498 791304
203 200 672826
486 404 774204
486 108 427492
486 484 144886
218 523 612919
44 372 377885
44 534 764376
41 362 989095
463 39 432056
356 449 419022
356 598 536284
324 350 211032
324 606 261902
334 364 985186
381 167 840764
498 51 406746
498 318 764945
108 454 530195
484 146 798601
484 109 769782
372 367 182018
534 152 957119
449 400 15544
449 594 675582
598 46 399524
598 323 221914
167 196 562054
318 240 316061
318 338 827806
109 3 313929
109 213 846110
367 272 525877
367 296 278037
367 284 534414
152 491 638551
400 171 441742
400 542 637353
323 158 264991
196 506 637542
196 505 865300
213 75 942798
284 300 175542
491 40 165376
491 107 542515
171 508 469543
158 60 843216
158 45 280883
505 155 825813
505 537 533807
40 130 799069
107 289 626381
508 503 424212
60 497 480938
45 576 301788
155 521 811854
289 273 312375
289 302 846961
497 489 504626
521 247 983105
521 460 657951
273 16 833630
489 70 940565
247 5 416186
70 174 744635
70 175 815745
5 220 638126
175 98 415096
407 306 220 385 240 302 378 537 417 98 348 301 280 177 266 272 211 179 153 186 566 361 395 267 313 581 404 243 412 434 102 227 180 590 562 366 129 559 480 485 401 75 310 330 149
