1000 36
0 1 457692
0 2 321145
0 3 368938
0 4 211195
0 5 638860
0 6 416551
1 7 942324
2 8 527621
3 9 293920
4 10 639910
5 11 313901
6 12 751198
7 13 103194
8 14 855325
9 15 445635
10 16 588668
11 17 139849
12 18 952249
13 19 110353
14 20 354989
15 21 857330
16 22 725913
17 23 461114
18 24 642450
19 25 479194
20 26 134609
21 27 219904
22 28 714143
23 29 209736
24 30 402298
25 31 44301
26 32 604491
27 33 966108
28 34 994183
29 35 182043
30 36 605631
31 37 128376
32 38 734820
33 39 899829
34 40 869752
35 41 522912
36 42 670333
37 43 577518
38 44 977991
39 45 317489
40 46 174028
41 47 49030
42 48 249671
43 49 704167
44 50 967024
45 51 985055
46 52 921752
47 53 574426
48 54 70211
49 55 14168
50 56 442273
51 57 161642
52 58 245567
53 59 316244
54 60 648818
55 61 802607
56 62 797774
57 63 670977
58 64 762657
59 65 952915
60 66 12923
61 67 932534
62 68 792806
63 69 907548
64 70 342333
65 71 544329
66 72 344904
67 73 994284
68 74 450384
69 75 634858
70 76 854284
71 77 692831
72 78 193457
73 79 377610
74 80 80592
75 81 32996
76 82 805586
77 83 93900
78 84 39273
79 85 779517
80 86 315237
81 87 985174
82 88 156274
83 89 430040
84 90 96299
85 91 751475
86 92 418951
87 93 576686
88 94 967392
89 95 318439
90 96 83501
91 97 449709
92 98 925559
93 99 997082
94 100 968263
95 101 805899
96 102 72555
97 103 401389
98 104 484803
99 105 56400
100 106 895121
101 107 281958
102 108 341338
103 109 245275
104 110 760574
105 111 827512
106 112 547340
107 113 497686
108 114 51698
109 115 71452
110 116 26046
111 117 54471
112 118 982269
113 119 97718
114 120 657112
115 121 768047
116 122 733037
117 123 691502
118 124 844474
119 125 839724
120 126 262607
121 127 230357
122 128 937991
123 129 426192
124 130 828726
125 131 146739
126 132 658516
127 133 404280
128 134 5377
129 135 444348
130 136 716683
131 137 799937
132 138 249102
133 139 214072
134 140 738259
135 141 400153
136 142 513042
137 143 89059
138 144 437763
139 145 490798
140 146 20067
141 147 228080
142 148 281373
143 149 335672
144 150 663571
145 151 835584
146 152 587862
147 153 40642
148 154 101785
149 155 877749
150 156 564459
151 157 921268
152 158 34030
153 159 747632
154 160 839913
155 161 449161
156 162 742815
157 163 524280
158 164 981304
159 165 542383
160 166 491271
161 167 877685
162 168 148313
163 169 432393
164 170 640648
165 171 279708
166 172 181548
167 173 160725
168 174 687738
169 175 119465
170 176 274393
171 177 33788
172 178 137641
173 179 786428
174 180 78039
175 181 418644
176 182 672760
177 183 776398
178 184 127597
179 185 596921
180 186 440720
181 187 548614
182 188 541682
183 189 554471
184 190 861519
185 191 251258
186 192 105874
187 193 252475
188 194 351029
189 195 222533
190 196 446740
191 197 996170
192 198 410192
193 199 406890
194 200 221294
195 201 927759
196 202 712529
197 203 521606
198 204 12594
199 205 982471
200 206 462837
201 207 535130
202 208 623036
203 209 318061
204 210 714881
205 211 636068
206 212 238712
207 213 768695
208 214 21421
209 215 789432
210 216 538138
211 217 811222
212 218 522841
213 219 62989
214 220 716604
215 221 176380
216 222 423393
217 223 733410
218 224 316686
219 225 42550
220 226 884127
221 227 147144
222 228 87018
223 229 34297
224 230 820768
225 231 632450
226 232 22368
227 233 76731
228 234 877840
229 235 886809
230 236 772736
231 237 639184
232 238 626200
233 239 476735
234 240 227083
235 241 867473
236 242 145330
237 243 37566
238 244 61389
239 245 667152
240 246 519588
241 247 930402
242 248 636213
243 249 138948
244 250 465568
245 251 599078
246 252 864046
247 253 18524
248 254 966
249 255 885151
250 256 219809
251 257 470800
252 258 856954
253 259 863150
254 260 320239
255 261 8423
256 262 244441
257 263 562534
258 264 146005
259 265 461650
260 266 885781
261 267 410039
262 268 370506
263 269 681081
264 270 108490
265 271 646485
266 272 84035
267 273 844606
268 274 272935
269 275 636293
270 276 240352
271 277 765180
272 278 895617
273 279 642572
274 280 160426
275 281 724076
276 282 169434
277 283 155430
278 284 371328
279 285 704034
280 286 881039
281 287 470204
282 288 201454
283 289 351849
284 290 368171
285 291 769634
286 292 994641
287 293 557246
288 294 128392
289 295 858501
290 296 897017
291 297 538063
292 298 102740
293 299 911881
294 300 43826
295 301 633600
296 302 493917
297 303 147258
298 304 889581
299 305 602259
300 306 107056
301 307 211662
302 308 602569
303 309 677506
304 310 857475
305 311 714298
306 312 260576
307 313 958147
308 314 194212
309 315 584286
310 316 833705
311 317 311112
312 318 325588
313 319 378265
314 320 613246
315 321 448815
316 322 772329
317 323 432437
318 324 651365
319 325 719165
320 326 881164
321 327 71940
322 328 253930
323 329 131090
324 330 319363
325 331 313086
326 332 217441
327 333 603575
328 334 747059
329 335 611549
330 336 809209
331 337 240515
332 338 417808
333 339 455045
334 340 330082
335 341 778829
336 342 150193
337 343 670633
338 344 3317
339 345 930481
340 346 609150
341 347 542766
342 348 43591
343 349 932258
344 350 295200
345 351 631641
346 352 236592
347 353 943858
348 354 286353
349 355 476207
350 356 930786
351 357 33426
352 358 288186
353 359 543629
354 360 274940
355 361 919153
356 362 724336
357 363 905555
358 364 826989
359 365 411324
360 366 25260
361 367 827143
362 368 640282
363 369 438828
364 370 678352
365 371 330070
366 372 812690
367 373 600679
368 374 548288
369 375 879440
370 376 758686
371 377 392513
372 378 251748
373 379 472695
374 380 543612
375 381 18695
376 382 600175
377 383 927283
378 384 123216
379 385 465665
380 386 521357
381 387 559176
382 388 614436
383 389 546740
384 390 47754
385 391 815049
386 392 329997
387 393 318310
388 394 39323
389 395 380236
390 396 549386
391 397 830961
392 398 460801
393 399 199955
394 400 456217
395 401 153380
396 402 99345
397 403 107357
398 404 44790
399 405 33474
400 406 354215
401 407 630489
402 408 376268
403 409 888190
404 410 79322
405 411 116584
406 412 901717
407 413 46385
408 414 990584
409 415 901157
410 416 685048
411 417 536628
412 418 855287
413 419 349589
414 420 589656
415 421 240944
416 422 745893
417 423 770917
418 424 603779
419 425 422301
420 426 529115
421 427 432798
422 428 734834
423 429 179388
424 430 624687
425 431 641491
426 432 882942
427 433 164906
428 434 980296
429 435 723199
430 436 711461
431 437 724167
432 438 26198
433 439 346616
434 440 604905
435 441 512557
436 442 64558
437 443 945985
438 444 234261
439 445 997886
440 446 869753
441 447 423465
442 448 582331
443 449 303261
444 450 204740
445 451 120106
446 452 561492
447 453 403674
448 454 696735
449 455 115426
450 456 880338
451 457 89602
452 458 853499
453 459 689530
454 460 68828
455 461 55762
456 462 539078
457 463 46645
458 464 61712
459 465 979643
460 466 531076
461 467 590561
462 468 907900
463 469 27067
464 470 984847
465 471 492428
466 472 544506
467 473 161341
468 474 545443
469 475 380814
470 476 8213
471 477 476024
472 478 217004
473 479 447417
474 480 276203
475 481 412726
476 482 380820
477 483 254792
478 484 391604
479 485 174429
480 486 406815
481 487 842329
482 488 813196
483 489 190861
484 490 494123
485 491 153167
486 492 517303
487 493 530498
488 494 134463
489 495 502086
490 496 473466
491 497 690965
492 498 644755
493 499 743020
494 500 639473
495 501 452520
496 502 19728
497 503 977059
498 504 629362
499 505 808523
500 506 309385
501 507 793160
502 508 445383
503 509 652035
504 510 908244
505 511 222108
506 512 732150
507 513 129283
508 514 586732
509 515 54870
510 516 967959
511 517 983925
512 518 216987
513 519 678890
514 520 757803
515 521 179383
516 522 680100
517 523 670054
518 524 880410
519 525 147156
520 526 12857
521 527 223095
522 528 799949
523 529 904596
524 530 196160
525 531 868160
526 532 938880
527 533 234425
528 534 745383
529 535 72125
530 536 370142
531 537 912209
532 538 852905
533 539 40021
534 540 56081
535 541 117091
536 542 420938
537 543 672525
538 544 221584
539 545 747530
540 546 202543
541 547 575328
542 548 316083
543 549 996310
544 550 715324
545 551 966948
546 552 150977
547 553 449993
548 554 959340
549 555 185451
550 556 258134
551 557 753446
552 558 48326
553 559 436553
554 560 921955
555 561 418498
556 562 492828
557 563 937104
558 564 924417
559 565 196900
560 566 894596
561 567 710592
562 568 510509
563 569 899301
564 570 812580
565 571 491209
566 572 573087
567 573 173394
568 574 642614
569 575 130999
570 576 639673
571 577 527742
572 578 823853
573 579 209168
574 580 78788
575 581 811844
576 582 974133
577 583 333615
578 584 594829
579 585 771191
580 586 678840
581 587 741254
582 588 841497
583 589 471662
584 590 451615
585 591 872081
586 592 121841
587 593 137145
588 594 581409
589 595 823352
590 596 800608
591 597 126692
592 598 326212
593 599 307892
594 600 771167
595 601 14275
596 602 819572
597 603 7663
598 604 724140
599 605 247915
600 606 769354
601 607 602222
602 608 6332
603 609 790938
604 610 416804
605 611 393941
606 612 737666
607 613 201115
608 614 395539
609 615 375870
610 616 184297
611 617 853020
612 618 230096
613 619 426795
614 620 68908
615 621 656348
616 622 216738
617 623 783033
618 624 565047
619 625 778286
620 626 796295
621 627 844935
622 628 824343
623 629 540531
624 630 994213
625 631 569226
626 632 547783
627 633 123416
628 634 202974
629 635 602312
630 636 992010
631 637 829102
632 638 290684
633 639 315125
634 640 169213
635 641 947312
636 642 466756
637 643 404301
638 644 401926
639 645 204296
640 646 887767
641 647 350729
642 648 662598
643 649 922043
644 650 204640
645 651 806628
646 652 758382
647 653 344854
648 654 595602
649 655 281804
650 656 675458
651 657 694933
652 658 870529
653 659 72158
654 660 599728
655 661 43004
656 662 989422
657 663 955880
658 664 235373
659 665 979162
660 666 30129
661 667 296553
662 668 225966
663 669 853262
664 670 284614
665 671 968791
666 672 887185
667 673 535958
668 674 386744
669 675 878412
670 676 221274
671 677 416274
672 678 160494
673 679 399591
674 680 644839
675 681 154018
676 682 915698
677 683 638538
678 684 729854
679 685 243843
680 686 985541
681 687 542690
682 688 123336
683 689 801720
684 690 204234
685 691 143382
686 692 954164
687 693 769928
688 694 13823
689 695 342098
690 696 425187
691 697 552559
692 698 546834
693 699 423683
694 700 526911
695 701 912053
696 702 998148
697 703 406431
698 704 799207
699 705 219465
700 706 95329
701 707 638781
702 708 691503
703 709 804777
704 710 765496
705 711 486307
706 712 693431
707 713 739006
708 714 978703
709 715 865330
710 716 501418
711 717 722217
712 718 727407
713 719 741988
714 720 909479
715 721 990544
716 722 810128
717 723 772590
718 724 928796
719 725 106322
720 726 184309
721 727 239250
722 728 516002
723 729 419723
724 730 467459
725 731 605037
726 732 316671
727 733 362898
728 734 441638
729 735 760467
730 736 27418
731 737 821506
732 738 118678
733 739 220873
734 740 510236
735 741 308045
736 742 706528
737 743 755476
738 744 165126
739 745 338711
740 746 501557
741 747 500099
742 748 796456
743 749 631903
744 750 774249
745 751 811176
746 752 306482
747 753 195241
748 754 351941
749 755 600070
750 756 517358
751 757 498679
752 758 172666
753 759 91120
754 760 974211
755 761 407943
756 762 174196
757 763 405149
758 764 264496
759 765 498229
760 766 418721
761 767 913265
762 768 717764
763 769 339094
764 770 506000
765 771 539043
766 772 852034
767 773 181206
768 774 783245
769 775 486193
770 776 227638
771 777 973638
772 778 851210
773 779 42175
774 780 901143
775 781 727345
776 782 392967
777 783 790460
778 784 858730
779 785 851992
780 786 962268
781 787 437289
782 788 703709
783 789 549521
784 790 85238
785 791 729921
786 792 127629
787 793 332499
788 794 252143
789 795 967908
790 796 705340
791 797 109465
792 798 481024
793 799 182739
794 800 533349
795 801 100236
796 802 630326
797 803 454746
798 804 927968
799 805 157671
800 806 521280
801 807 153577
802 808 795849
803 809 26074
804 810 844125
805 811 460975
806 812 851825
807 813 206242
808 814 138729
809 815 484538
810 816 277490
811 817 639692
812 818 343363
813 819 11044
814 820 768584
815 821 961715
816 822 996556
817 823 287178
818 824 867898
819 825 599910
820 826 467393
821 827 945177
822 828 266874
823 829 268482
824 830 575448
825 831 972546
826 832 689106
827 833 944859
828 834 352536
829 835 677445
830 836 376358
831 837 66561
832 838 413218
833 839 467567
834 840 819668
835 841 124527
836 842 120532
837 843 27704
838 844 721287
839 845 996841
840 846 695966
841 847 158800
842 848 517417
843 849 331798
844 850 398757
845 851 722132
846 852 966631
847 853 941724
848 854 452601
849 855 853597
850 856 605272
851 857 8254
852 858 645391
853 859 787820
854 860 914365
855 861 385391
856 862 195794
857 863 40494
858 864 573381
859 865 393614
860 866 890465
861 867 146670
862 868 316489
863 869 72086
864 870 958457
865 871 683502
866 872 770583
867 873 861243
868 874 879498
869 875 412058
870 876 803288
871 877 472348
872 878 973310
873 879 568915
874 880 852264
875 881 750324
876 882 50448
877 883 906692
878 884 501264
879 885 21005
880 886 639383
881 887 359541
882 888 148649
883 889 879188
884 890 766444
885 891 612473
886 892 43939
887 893 63066
888 894 784658
889 895 584976
890 896 335573
891 897 374519
892 898 335215
893 899 658150
894 900 426155
895 901 430466
896 902 61143
897 903 716069
898 904 651694
899 905 391115
900 906 98120
901 907 814282
902 908 535869
903 909 188592
904 910 272657
905 911 258417
906 912 435671
907 913 130491
908 914 925100
909 915 558258
910 916 559268
911 917 469264
912 918 858175
913 919 419028
914 920 383449
915 921 469945
916 922 382979
917 923 756277
918 924 149373
919 925 2953
920 926 668361
921 927 493464
922 928 77777
923 929 631014
924 930 932950
925 931 167790
926 932 726099
927 933 729329
928 934 544809
929 935 646621
930 936 503751
931 937 56956
932 938 742520
933 939 981540
934 940 445617
935 941 637895
936 942 561127
937 943 654529
938 944 10212
939 945 268287
940 946 870731
941 947 333132
942 948 878264
943 949 151397
944 950 433811
945 951 951866
946 952 749665
947 953 250644
948 954 580016
949 955 101062
950 956 609575
951 957 33652
952 958 883511
953 959 679977
954 960 160737
955 961 949252
956 962 956788
957 963 259129
958 966 464851
958 972 495778
958 978 999797
958 984 256474
958 990 255556
958 996 176460
959 967 798215
959 973 937081
959 979 511764
959 985 585152
959 991 846406
959 997 210744
960 968 634399
960 974 600606
960 980 694693
960 986 703574
960 992 578191
960 998 510816
961 969 301739
961 975 876271
961 981 227692
961 987 412429
961 993 89234
961 999 503302
962 964 130120
962 970 91048
962 976 922885
962 982 112736
962 988 676181
962 994 877428
963 965 943802
963 971 237574
963 977 236200
963 983 373898
963 989 650794
963 995 781522
964 965 966 967 968 969 970 971 972 973 974 975 976 977 978 979 980 981 982 983 984 985 986 987 988 989 990 991 992 993 994 995 996 997 998 999
