1000 354
0 475 315506
0 49 789493
49 550 879730
550 280 789415
550 758 879558
550 899 409946
899 5 17257
899 645 532294
899 765 804702
5 104 811257
765 725 241078
765 132 171447
725 594 535
132 582 388362
132 629 531230
594 512 622701
629 855 461605
629 305 991977
512 753 941653
512 526 785312
855 524 208316
855 649 715734
855 777 8623
305 218 654136
305 168 867223
753 433 333590
526 389 602131
526 864 923716
526 501 113039
218 64 72612
218 214 919002
218 229 376668
218 293 854661
168 182 358245
501 57 694725
293 285 579389
182 415 139124
182 506 366692
182 509 693159
57 480 94702
285 763 738280
285 200 148918
285 794 26544
415 731 820093
506 636 413913
506 199 355528
509 736 531236
509 995 70680
480 140 94382
480 966 159119
763 320 743089
200 792 713766
794 940 11671
199 937 728408
736 186 630740
736 235 430800
736 773 340778
995 936 139770
140 729 933452
140 971 133288
140 530 422488
966 608 648090
966 95 354924
320 43 445558
937 193 114234
937 367 779624
773 134 84225
773 902 2657
936 282 219541
936 189 215882
729 343 356245
971 283 885442
530 90 111013
530 839 302375
95 955 675670
95 352 53082
43 517 427210
134 775 742302
902 661 698947
902 236 219160
189 369 701682
189 76 421743
189 208 891709
189 428 884341
283 72 764785
283 333 369977
90 698 44003
839 71 672175
839 727 866397
955 9 817856
955 992 320115
352 885 243864
775 112 381137
236 461 185225
236 704 915672
369 45 542907
76 754 385628
208 688 160036
208 243 643871
428 174 963011
428 795 58048
727 435 996774
9 593 8417
9 487 16688
885 103 785888
885 128 492312
112 791 460037
461 635 396473
243 470 679502
174 323 286683
795 265 284018
435 835 561289
487 871 922044
128 814 634458
128 740 919741
128 329 228432
791 429 154994
635 439 887952
470 804 611323
323 289 743422
323 721 1974
265 230 295899
835 240 24203
835 987 653014
871 685 444450
814 451 54811
740 933 465299
329 507 73734
329 710 490180
439 542 59731
804 508 670129
804 528 336662
804 779 682038
230 404 950941
240 810 103707
240 996 167424
987 900 377033
987 972 713639
987 600 180060
685 655 977895
451 453 383444
451 578 624175
933 156 462083
507 809 993679
507 665 711474
507 6 640429
710 720 993505
542 486 260623
528 711 207743
779 257 506861
779 443 702636
404 82 475122
404 834 979235
404 115 631693
996 560 352972
996 394 245543
900 324 122494
900 266 785233
972 626 464351
600 35 774146
600 695 240029
655 399 259959
655 195 55170
809 619 118408
809 496 51333
665 634 482294
6 557 683259
6 770 719893
720 905 558068
720 715 418761
486 671 422854
257 464 480102
443 272 782695
82 152 838785
834 396 280985
115 161 110305
115 531 710164
115 746 221054
115 91 473506
115 381 496494
394 212 406710
394 680 569179
266 857 163374
266 652 148926
35 169 887161
695 481 868469
695 406 594176
695 109 427133
399 288 652100
195 75 12357
496 906 548422
634 926 725807
557 338 3785
770 422 774595
770 627 972259
715 589 104435
715 332 325677
671 614 95955
272 597 652165
272 714 710682
272 922 984217
152 33 419368
152 916 462020
396 890 397004
396 357 837932
531 268 24784
746 203 665110
746 390 917139
91 18 807320
91 976 589244
381 535 349881
381 270 420665
212 830 456158
680 233 31923
680 2 946382
652 100 800137
481 87 881278
406 993 625032
109 980 565714
288 1 850460
75 290 241938
906 656 731950
338 344 411910
422 824 668714
627 930 891014
627 125 234697
589 97 908811
332 244 89532
922 713 768157
922 241 681454
916 53 475208
916 901 192936
357 819 608899
357 436 743485
390 664 939976
18 346 771292
18 286 395901
270 485 30973
830 393 521443
2 709 49134
100 896 367673
87 160 249559
993 297 583898
980 10 944620
290 423 888689
290 581 109619
290 873 599249
290 114 918024
656 211 782561
344 602 382978
824 694 601841
125 502 915456
125 139 143017
125 89 116351
97 227 284199
97 48 908939
244 985 321869
244 164 337714
241 846 431694
53 201 246483
436 748 930275
436 931 523663
436 310 685974
346 455 444131
346 463 544259
286 587 595666
286 554 467424
286 640 540423
485 884 587441
709 454 205688
709 434 223060
896 728 467066
297 562 967043
10 271 179663
10 924 989468
10 962 791956
581 70 59776
581 55 458029
873 176 35820
114 413 755974
114 418 684423
114 928 550743
211 518 545200
602 555 714889
502 798 362733
139 840 829391
89 630 23531
89 874 589914
48 124 785978
164 175 79802
164 989 99409
164 865 364834
846 339 399407
748 359 218308
310 667 203099
455 217 381446
463 859 782449
554 643 954523
640 722 801769
884 650 410069
884 999 219606
454 63 401101
454 92 189023
454 867 290519
434 586 102138
434 607 123195
434 882 682451
728 532 541359
728 666 48134
728 915 207278
562 548 210607
962 598 489673
962 872 627332
55 774 33167
176 65 205391
418 875 229847
928 767 12127
928 927 503299
555 743 426544
555 570 890698
840 783 408547
630 699 325163
630 576 471879
874 968 621022
124 237 701664
989 533 538699
989 159 896527
989 313 75064
989 949 203157
989 805 113786
865 476 178090
667 716 90125
859 595 659350
643 180 835145
722 99 286481
722 759 407616
722 262 204412
999 579 683117
867 843 359786
882 170 756077
882 591 282159
548 935 762351
548 477 369801
598 732 598865
872 584 90907
875 778 263955
875 892 927711
767 863 14997
743 23 758091
570 642 911987
783 953 390404
576 803 646730
159 351 844971
159 573 862143
313 449 884089
313 42 672848
313 625 275100
313 687 422856
805 917 234650
805 964 941051
476 326 648137
476 845 262036
716 948 835089
595 891 3618
180 838 164490
759 264 575177
759 802 796915
262 624 567095
579 50 723205
579 328 836169
935 821 958146
477 986 134198
732 58 1551
584 723 133612
778 342 629786
892 14 320895
863 420 17379
642 739 76271
642 47 820212
953 440 631506
803 19 489025
351 385 719105
351 391 377263
573 202 962573
573 400 623387
449 153 496067
42 724 699688
625 238 519377
687 135 327039
687 136 718070
687 564 981661
917 79 589298
326 111 396016
845 411 672033
948 457 508133
948 784 72303
838 224 412004
624 424 106956
624 853 807287
624 669 721667
50 69 437761
328 473 307839
821 73 118328
986 198 769006
58 249 768853
58 577 734214
58 670 417154
723 426 438882
723 67 799240
342 561 947586
14 316 653315
14 776 505436
739 354 803753
47 914 978114
440 60 614626
385 574 727303
391 617 701311
400 907 119887
153 546 672178
238 395 66170
136 191 597008
564 944 500654
79 178 434784
79 462 854593
79 939 490487
111 299 187206
411 77 421550
411 563 730774
411 263 102381
224 488 830156
669 491 743275
473 489 774089
473 503 278022
473 445 830557
73 539 427915
73 553 610179
198 537 728430
577 116 100314
577 336 42397
670 296 206682
670 572 984377
426 465 205933
67 693 256836
561 188 104682
907 4 423504
395 744 48172
395 226 757996
395 292 763612
944 269 632830
178 318 149117
462 368 935516
299 515 843241
263 998 483194
491 281 806488
491 755 664580
491 662 789061
445 877 242039
553 133 994857
537 382 557831
537 730 947254
116 490 96055
116 878 512345
336 312 764497
336 886 444030
572 623 381667
572 735 953452
572 904 655888
465 38 265864
465 908 616414
465 970 585057
693 604 869393
693 392 983694
4 228 872773
4 866 866065
744 510 103361
226 36 966496
226 854 183790
292 117 366538
368 592 956715
368 833 908135
998 929 132796
998 108 615466
662 142 529915
662 232 654586
662 523 672638
662 148 801652
877 25 156255
730 973 410398
730 358 669715
490 793 991345
312 471 974926
886 786 253906
623 273 29733
904 118 504223
904 967 237780
908 334 88454
604 431 996156
392 355 984787
228 341 590111
854 127 394954
117 205 462920
117 601 197214
929 157 201879
108 121 766478
523 544 15449
148 192 21137
25 478 936448
973 245 856654
358 147 368732
358 603 46344
358 260 152949
471 81 706042
786 825 790169
273 522 438106
118 609 983755
334 534 209505
334 958 147100
431 301 618127
431 790 309969
431 347 385021
355 848 699702
355 516 463321
341 405 897283
127 569 144884
601 425 16687
601 894 166722
121 762 899895
121 738 229494
192 137 912492
478 844 774575
478 706 264883
245 206 585505
245 856 395597
245 590 434152
147 105 766022
603 806 281082
260 565 497326
260 80 101037
825 599 458270
825 718 978787
825 633 571367
609 646 334603
958 613 725319
347 768 815749
848 279 975215
848 707 340758
848 632 620505
516 997 387127
569 61 904479
762 190 470593
738 615 312678
738 221 306700
137 925 948784
706 749 200568
206 15 800645
590 106 865000
590 788 492701
806 183 615796
80 458 349810
80 977 601238
80 56 854044
633 870 462287
646 938 897298
768 129 576569
279 371 844279
632 818 622285
997 647 426471
190 883 64061
221 672 748725
221 11 703887
925 94 222483
925 679 223456
925 969 547996
749 84 927097
788 171 925175
977 254 366979
977 248 584834
977 536 351346
977 384 362076
977 513 50176
56 492 494837
56 956 759886
938 869 163751
129 403 207400
129 994 732674
371 298 481729
818 158 521689
818 990 409192
883 7 284951
883 397 482191
11 28 905470
11 86 880727
969 408 747141
84 284 765966
84 959 324000
171 696 707782
171 868 365669
248 421 94990
384 255 784836
384 325 710164
513 963 253674
492 954 652330
492 974 219131
956 387 145397
956 637 940344
403 210 145776
994 897 942427
298 331 189356
158 525 301694
990 772 263285
990 247 957542
7 220 949546
397 847 716668
28 520 231348
86 216 992721
86 322 397576
959 493 910534
959 356 642253
696 460 351267
868 733 992091
325 468 33822
325 677 98938
325 657 378442
974 654 873002
637 965 358154
210 960 982320
897 903 925201
525 98 410193
772 505 578174
772 703 418965
247 376 490991
216 719 616661
322 181 411411
322 596 546381
322 851 560256
356 860 287111
356 209 20710
657 409 927737
654 416 560224
965 991 733628
960 432 228974
960 942 409457
903 373 424632
903 580 980067
903 558 894383
903 459 63883
703 497 479227
703 644 713575
376 588 812853
181 559 438564
851 946 577004
860 499 266061
209 879 973877
409 494 697948
409 246 364899
409 30 581868
409 947 959029
991 568 859698
432 119 941713
432 197 844101
942 756 905175
942 300 847627
558 820 216770
459 717 179428
459 225 887222
497 307 247937
644 59 717930
588 811 905765
588 816 335784
946 862 153639
494 708 244126
246 504 233598
30 841 142734
30 943 904694
947 253 871528
568 222 780236
568 251 887470
197 982 814031
756 386 614572
756 852 326353
300 514 724133
300 267 918326
717 32 589179
225 185 149758
59 311 567508
816 22 151593
816 641 138262
862 447 66390
708 113 69815
504 302 919558
841 430 523240
841 692 42806
841 745 248698
253 952 865409
222 308 894806
251 309 65093
982 549 753861
982 21 244608
982 880 364016
267 651 919989
267 888 565236
32 350 625205
185 663 271634
185 259 446702
311 764 18604
22 628 422808
641 366 873569
447 858 951240
447 781 346365
447 957 357998
447 910 36556
302 752 565166
302 932 726443
430 348 624712
952 215 922517
952 511 67859
21 712 90776
880 556 165639
651 861 248323
888 787 927134
888 303 741451
350 29 927855
350 472 984013
663 379 70865
259 412 34951
764 519 403868
628 444 396147
628 648 170959
366 383 897187
366 961 785065
781 543 6701
781 54 115663
781 321 687145
957 837 524228
910 760 75821
910 979 837389
511 801 319249
511 912 246484
511 951 902188
556 362 763047
556 934 2762
861 566 14284
303 287 608570
29 34 593106
472 700 493688
412 540 693821
412 17 942555
412 120 771659
519 742 583074
648 410 270071
961 812 777340
961 8 222408
54 388 77391
54 585 851949
321 836 146142
321 653 446277
760 340 742219
979 941 926697
801 766 971076
362 815 950708
934 823 921607
934 638 606462
934 327 21287
287 800 964596
700 660 164485
540 304 814684
17 27 69106
17 789 450914
120 414 5976
120 319 144379
742 39 469843
8 668 756159
8 780 686731
388 37 215951
653 893 872067
653 911 58280
340 173 192206
941 639 220828
638 122 146732
327 353 38485
327 51 339260
800 145 964711
660 538 25604
304 276 279952
789 162 977780
319 898 587298
319 747 177521
780 691 334533
780 737 5026
893 277 529927
122 314 25033
353 831 572474
51 909 68278
145 149 420144
538 771 843978
898 317 406273
747 141 915874
747 500 343812
747 751 191922
747 177 662868
747 610 896127
737 701 731308
737 40 85984
277 822 672004
314 551 192199
149 797 31959
149 832 19934
149 621 170760
771 850 539725
317 616 657072
751 107 4265
177 295 318394
177 678 161177
610 479 873762
610 252 650793
610 187 415040
701 829 403011
40 374 260795
40 427 246045
822 231 382990
822 419 367767
822 769 388498
551 631 778279
551 881 398954
797 184 220420
797 131 970714
621 315 152934
621 918 43124
616 150 341445
616 223 178720
107 401 544626
678 46 476998
678 274 500099
479 154 14798
252 741 966297
187 849 620831
829 498 337427
427 151 619644
427 13 984762
769 541 904362
184 167 642052
131 417 950778
918 101 894290
918 364 362092
918 495 776515
223 469 877560
223 734 761996
401 123 38366
401 349 556997
274 372 564856
274 782 538515
274 920 371232
849 204 764435
849 826 691175
151 250 982633
13 438 176321
13 102 835139
417 261 4791
495 612 188231
495 361 184053
469 676 237197
734 83 487371
734 605 421723
782 88 509372
826 85 390811
826 78 995944
250 448 309132
250 675 920772
438 41 834810
102 575 351139
612 143 272775
612 52 980360
361 988 310236
676 466 328859
83 144 412738
88 683 286839
85 750 225447
78 887 526565
448 583 336694
675 686 115085
41 702 26809
575 690 357487
52 913 464323
683 330 965037
750 20 126831
750 239 752283
887 919 874978
702 26 298582
702 44 180770
690 242 558570
690 975 125794
913 547 589584
913 110 549622
330 484 935698
330 681 23551
239 380 45695
239 402 169697
919 876 876811
26 194 639642
44 483 181707
242 375 442712
975 126 712178
975 785 539758
975 155 596704
547 813 614541
110 31 374406
380 456 281218
402 705 317533
876 622 122733
876 93 99486
483 567 949499
375 697 271258
375 529 38685
126 68 311953
785 726 773097
155 345 320593
155 984 271504
31 757 769658
705 16 299814
705 96 113597
705 163 713460
705 146 983511
622 808 265186
93 983 204207
529 24 958585
529 441 757065
726 673 902237
757 474 710953
757 799 849151
757 923 738456
146 166 200265
24 978 674913
441 467 398218
441 921 347502
441 172 972008
474 12 67555
799 207 315170
799 377 231280
166 437 430154
978 378 476793
467 674 402398
172 527 225199
172 306 53165
172 828 978209
172 482 287027
12 74 862250
207 275 109679
437 196 590766
437 620 859066
437 827 110048
674 256 333261
306 545 518322
306 446 997824
828 950 324922
482 165 358351
74 761 293326
196 213 641382
827 842 374977
545 889 779540
446 3 657298
446 895 385394
165 606 922887
165 258 444760
761 658 306759
895 294 854598
606 179 153271
606 796 306580
258 452 615300
258 611 293775
658 552 389496
294 450 197085
796 407 140058
796 130 208631
796 234 737563
611 689 526006
611 945 927434
130 370 254662
234 682 777468
689 571 581445
945 337 269996
945 291 508254
370 278 572874
291 398 885451
291 442 377660
278 138 631590
278 335 629491
398 684 210610
442 219 976804
442 817 855424
442 981 551257
138 62 284587
335 365 373471
684 618 905471
684 659 264355
817 66 724375
981 807 463116
365 360 228778
360 363 653932
363 521 890917
162 608 699 808 331 282 377 599 249 72 416 707 64 592 271 619 586 46 23 984 63 847 276 119 499 970 457 565 407 464 776 522 500 698 618 521 891 672 733 813 150 889 661 349 16 113 533 688 605 493 566 508 142 66 532 69 379 193 289 408 510 518 201 133 721 38 920 724 301 539 745 964 560 96 563 188 645 220 214 364 202 175 359 315 460 713 930 844 939 679 386 179 261 62 636 543 798 792 552 475 143 160 894 414 921 774 468 694 691 943 229 607 308 70 931 284 823 544 420 812 231 790 574 649 731 914 668 135 424 204 217 580 15 784 811 372 515 219 639 123 237 19 141 881 20 33 296 101 650 333 950 339 39 99 626 842 173 850 810 869 275 318 714 348 373 620 819 567 954 389 61 144 976 536 852 923 879 154 559 233 593 307 484 505 280 514 915 613 498 711 105 92 183 686 77 681 186 167 36 103 673 843 754 963 870 967 820 256 535 856 836 949 988 387 194 692 106 34 578 571 337 1 719 309 832 255 163 254 367 614 940 235 752 758 324 429 527 268 878 704 697 94 549 27 787 65 659 157 425 37 232 413 858 161 909 890 456 405 666 617 583 410 517 191 534 423 585 421 227 488 777 837 802 866 156 968 597 453 591 68 766 587 682 378 264 985 932 546 213 383 374 524 489 833 992 901 857 911 677 631 170 831 71 169 450 647 444 3 793 912 354 853 215 582 735 419 433 951 98 905 205 452 81 664 520 924 815 755 541 343 927 466 596 503 345 393 741 316 281 203 926 864 295 718 60 615 269 458 45 983 104 712 807 382
