104 30
0 13 983841
13 24 683827
13 31 176107
24 75 42601
24 38 808306
31 51 633209
31 59 96072
31 35 905432
38 8 78305
38 92 141037
38 12 846806
38 100 645855
51 21 101440
59 101 371519
35 66 328628
8 50 26017
8 29 668844
92 43 258402
12 26 489434
100 37 289536
101 53 418867
66 25 126352
66 103 27377
50 16 9042
29 10 997414
29 9 279606
29 54 170745
29 91 258753
43 96 202999
26 22 174730
26 99 399523
37 34 463255
53 62 447698
53 88 306051
53 27 546977
103 72 398267
103 73 158316
16 44 277820
9 36 850869
34 55 29082
62 33 549548
62 69 938572
88 45 409206
27 40 9673
73 84 37154
55 60 446236
55 65 751888
33 18 712660
40 95 21319
40 20 902128
84 46 412128
65 30 938471
95 76 146529
95 41 551651
20 68 685609
30 7 613719
30 64 650380
30 97 13889
76 58 445876
41 48 763694
68 81 510090
68 93 282487
68 52 175256
64 94 154213
97 56 824935
58 47 208537
58 85 348328
48 98 316235
81 90 967515
52 102 40347
94 63 90397
85 79 998409
85 61 760271
98 42 787331
102 87 530205
63 83 951354
61 11 499635
61 74 901142
42 89 979044
74 49 943304
89 70 693308
89 19 14871
49 80 600376
49 39 172162
70 5 69388
70 77 279943
70 4 496455
19 3 905094
19 15 436145
19 82 619122
39 6 248081
77 14 461374
77 32 756605
4 78 969364
15 2 411523
15 57 63364
6 23 669784
6 17 586379
32 71 843391
23 1 382257
17 86 646339
86 67 349314
67 28 847405
90 44 46 72 5 79 87 96 45 10 78 11 57 99 47 93 71 60 75 69 28 22 7 91 25 21 1 83 82 2
