1000 170
0 672 926045
0 578 287493
672 149 903990
672 421 677801
578 576 252049
578 435 627352
435 175 984812
175 497 623593
497 750 716294
497 492 6582
492 733 986645
733 228 30745
228 479 931332
228 9 633726
228 234 278027
9 752 492778
9 805 199801
9 550 137956
234 998 177284
234 926 917425
752 105 666280
805 286 194640
805 418 777755
550 198 384649
998 101 950333
926 648 913395
926 360 210666
198 587 988215
198 80 356951
101 984 754681
648 788 476498
360 312 823095
80 302 729579
788 977 214684
788 348 501768
312 301 710132
312 848 924344
302 52 47077
348 114 29878
301 217 913759
301 662 368766
848 423 284706
52 796 789233
52 961 779475
114 598 286342
217 629 477918
423 47 271271
796 416 530316
796 901 410918
796 592 560548
961 380 908979
598 136 219231
598 645 811946
598 878 84570
47 570 603345
47 999 479136
416 41 550227
901 75 776412
901 513 18026
592 68 282522
380 63 872993
380 501 99315
380 955 50025
136 496 491856
645 586 672223
645 484 936304
878 976 589323
999 966 254278
41 74 205565
41 401 547340
41 893 31398
75 19 626061
75 160 568242
513 10 62148
513 103 23260
68 211 565363
68 993 668771
501 83 617105
501 215 26335
955 633 304521
496 314 758925
496 399 651825
496 942 335472
586 617 804180
484 503 268941
484 152 905923
976 962 602561
966 58 20537
966 739 296806
966 599 733746
401 508 298944
160 476 350395
103 163 400506
993 688 964751
633 267 944401
399 465 198595
617 424 542859
152 631 937292
962 611 837790
962 341 996691
599 978 336936
163 208 921206
267 829 218236
465 370 857832
465 817 49557
424 532 990616
631 994 719751
341 417 304354
978 460 115292
978 451 806097
829 706 283438
829 801 167197
829 86 903344
817 594 395208
532 732 364220
994 605 490867
994 202 442317
417 996 85753
460 308 815809
460 139 746968
451 493 680514
706 130 493201
706 443 530458
801 278 68027
801 596 350129
86 622 447659
594 426 53007
594 619 580446
202 555 170162
996 881 927569
139 292 913060
139 763 937042
493 663 246507
130 811 326699
443 77 701908
443 713 487159
596 7 169631
596 287 792095
622 722 708820
619 195 219212
555 687 134937
555 280 6432
881 891 552613
881 971 241971
763 529 599174
663 441 983877
663 791 52820
663 271 340989
77 93 650659
713 986 17984
7 196 279481
287 534 412453
287 717 738983
722 820 608305
195 371 324643
687 34 103094
280 624 585193
280 24 513171
280 442 118514
280 975 648107
891 775 904304
971 480 172777
529 628 881312
529 13 211836
791 415 709376
271 477 954961
93 148 527169
196 394 277242
196 845 748048
534 948 315742
717 682 875896
820 180 775062
820 447 241640
34 647 930157
34 731 265522
624 2 419581
24 798 990429
24 233 877439
442 531 966999
442 31 196169
442 220 311381
775 795 706796
480 97 486153
480 988 974594
13 654 401627
415 189 358893
415 744 974421
477 759 338874
477 21 876159
148 807 345974
394 530 855749
394 755 578420
845 602 401602
682 842 529036
180 995 857426
447 171 913027
447 449 808158
447 256 783847
647 229 255549
731 911 1140
731 914 881792
798 386 674546
798 206 315073
233 710 503603
531 474 182
31 305 858879
31 23 635687
220 892 794105
220 33 750973
795 363 529631
795 851 144827
97 282 748974
988 396 639483
988 562 876081
654 784 211947
744 257 424019
744 749 345498
21 521 262026
21 680 774848
21 737 18817
807 786 491484
602 935 764292
842 571 322145
171 561 867694
449 612 740021
256 585 870170
256 862 244381
256 409 831532
229 652 589226
206 883 826510
710 723 95253
710 730 975555
474 70 525123
23 327 237295
892 637 945045
33 37 128836
33 967 299381
282 109 438285
282 627 560500
282 858 465709
396 185 868260
396 349 313924
562 334 593760
562 897 703986
784 184 530959
749 483 582156
737 651 172769
737 560 917980
571 930 142621
571 320 587498
571 16 231108
409 412 599689
409 186 912805
409 495 939734
883 797 125455
723 30 14385
730 299 82301
327 607 541491
637 71 941041
637 821 96510
37 168 768789
37 427 342866
967 425 996630
185 116 246931
349 205 360038
349 616 97955
334 790 231737
897 511 745322
897 964 953634
184 73 111126
184 397 185327
560 630 754165
560 740 541836
560 985 945200
320 117 144050
320 131 686895
16 780 417179
186 945 204013
495 275 301295
495 307 62803
30 850 450715
299 438 945684
71 567 193757
821 707 770660
427 728 917229
205 667 778990
616 972 915329
511 635 708561
511 407 194466
964 69 100665
964 250 142570
964 769 268312
964 726 399079
397 608 765240
397 814 49985
630 95 155465
630 382 162990
740 831 854570
740 904 228463
985 868 114963
131 527 75559
780 359 749681
780 115 531011
307 486 368633
307 6 182368
438 197 489491
707 232 16652
728 793 380980
728 894 787427
667 572 94587
972 204 269089
972 745 629307
972 899 685269
407 129 383078
407 331 4920
726 992 14923
608 540 270622
814 5 78586
382 579 954211
527 600 720469
527 940 194835
359 880 183236
115 563 200678
486 504 509486
6 431 825170
6 748 449547
197 588 128451
197 646 718795
793 128 282612
793 291 75486
572 510 356111
572 702 419583
745 111 726681
129 725 231133
331 686 876461
992 134 991591
540 127 671868
5 920 500963
5 543 88216
579 439 501145
940 498 915367
940 264 84892
880 766 962661
563 350 423343
563 664 493486
563 771 599919
504 478 926189
504 836 52770
504 965 664785
431 548 351893
431 696 883864
748 190 327837
748 326 535954
748 372 901792
748 263 87663
748 917 901988
588 29 996900
646 907 586972
291 354 506819
510 337 93749
702 542 496137
702 867 357077
702 889 245142
111 141 112266
111 813 379705
725 625 484070
686 767 100278
134 246 645636
134 173 819786
920 330 87128
920 569 172921
543 285 936159
264 675 674164
766 4 144549
664 649 766527
771 200 543529
478 45 717152
836 364 402991
965 673 881444
965 956 957749
263 523 859510
263 642 166716
917 979 622697
917 968 970749
29 28 999253
29 669 64950
907 255 109156
354 133 607757
354 361 224573
867 192 322940
813 896 523040
767 659 433097
173 470 866992
285 638 772647
285 453 774466
675 551 215070
4 915 656791
649 78 876139
200 721 724698
364 365 193645
956 356 17821
642 515 438459
979 461 771998
968 727 409407
255 355 848227
361 201 634414
361 856 903387
192 191 414961
896 437 529936
659 705 625816
470 509 536329
470 720 654932
638 387 588168
638 841 558043
453 636 116604
551 546 512396
915 481 733575
78 261 428992
721 1 844140
365 40 568025
365 61 863428
356 38 347617
356 76 857692
515 800 660449
515 444 103667
515 583 213886
727 121 349288
727 969 821390
355 304 925281
201 812 884893
705 252 634434
720 623 226989
387 230 849333
841 27 146363
841 776 780350
636 946 270173
546 843 673232
481 392 529409
481 535 864176
261 873 30477
261 144 984448
1 774 424356
40 700 177486
61 253 988643
61 853 158671
61 265 865766
38 179 229209
76 454 576993
76 88 735403
444 213 38955
583 709 570784
969 620 132493
969 376 634396
252 411 809571
230 879 635456
776 827 499672
843 43 618100
843 369 338109
392 375 349514
392 55 239604
392 389 57687
535 614 178368
873 683 254307
144 890 41730
774 91 42553
774 719 251333
253 283 849144
253 353 114468
853 381 831236
853 665 267200
265 903 68266
88 973 538146
213 928 212587
709 239 144575
376 512 495112
376 108 943452
376 835 591960
411 898 758210
827 934 109861
369 539 454832
55 384 723292
55 541 313281
389 110 438095
389 833 175372
614 429 956742
614 905 621628
683 347 758524
890 830 18693
91 225 912526
91 828 269827
719 210 87152
719 214 462180
283 87 998670
903 357 17937
928 181 473434
928 318 477292
928 765 214804
239 640 695439
512 167 887175
512 272 133014
108 866 41431
108 98 976631
835 276 265696
539 499 4418
384 507 617319
541 772 857180
110 792 704650
905 846 518671
828 632 339484
828 174 94509
214 557 504301
87 235 788604
357 925 408549
640 482 281698
272 251 272520
272 644 220651
272 847 336548
866 803 51863
98 244 419820
276 703 32475
276 819 440800
276 997 783919
499 794 371455
174 339 170557
174 440 997422
174 670 249183
557 927 532873
925 393 662784
925 270 561865
482 990 748245
847 156 167804
847 655 286059
847 690 419277
847 773 817618
803 316 503391
803 574 213912
244 884 999974
997 597 61362
794 888 3614
794 322 53809
927 729 49003
927 918 79436
927 783 803663
927 333 150814
393 661 919126
270 854 648185
270 273 745167
990 162 871790
690 677 756861
316 15 586719
574 64 533699
888 849 16571
322 366 601964
729 203 655842
729 566 739119
918 81 129265
918 42 714006
783 49 142807
783 358 154796
783 742 814650
783 294 68993
333 621 693905
333 753 57245
333 84 882486
661 487 168790
273 183 611683
273 954 398004
162 62 102470
162 746 634956
677 556 926503
849 552 586456
849 939 533408
366 582 760620
42 519 166302
42 861 607307
358 715 311114
294 65 80890
84 559 252858
487 870 91521
954 779 566312
939 297 968066
582 53 210715
861 419 889139
65 864 622579
559 490 39907
870 227 467894
870 573 261388
870 295 977490
297 96 556430
53 446 726995
53 872 344256
864 120 937805
864 816 504197
864 768 231291
490 952 815943
490 916 366032
490 489 486789
295 352 47051
872 603 894566
768 237 144821
768 834 248929
952 159 795008
916 485 166051
916 467 796887
489 963 664545
489 913 95158
352 107 288248
603 17 431212
603 462 308261
603 82 5342
237 118 789549
834 931 395179
159 51 369479
467 882 676895
913 378 338594
913 695 477527
913 469 38120
107 839 358718
107 869 168702
82 505 702789
118 113 700226
931 50 354391
882 317 194801
882 99 811595
882 558 570195
469 90 71293
469 875 429408
839 140 574321
839 758 138204
869 414 663013
869 218 69962
505 135 511130
505 520 211786
113 650 916650
317 155 165858
317 374 381090
317 170 707866
99 22 302158
558 804 370607
90 456 916073
875 388 997989
875 269 454848
758 26 980343
218 697 949474
218 714 440552
520 516 212444
520 176 995911
170 448 540488
22 921 491161
804 910 230244
804 610 481215
804 953 697676
456 402 917128
388 475 662283
388 329 354466
388 678 730563
269 756 132658
26 194 142448
714 154 8707
714 212 301391
714 609 451285
516 577 869586
516 32 463163
176 104 976798
176 832 449353
176 924 398252
176 989 889057
921 909 918328
910 590 852841
610 500 513366
610 937 807768
402 536 347249
402 618 931896
402 3 168164
402 146 649204
329 533 387936
756 406 561694
756 279 359697
756 736 491767
194 158 446360
154 699 657280
212 343 723766
212 67 66421
609 761 58628
577 300 611320
32 716 536838
924 391 290917
989 491 157164
989 824 442041
909 182 76324
937 694 234356
3 422 974670
3 581 792708
3 806 365541
146 89 353572
533 676 494073
279 238 880576
279 157 595130
279 933 89460
736 538 86442
736 958 279284
67 743 85128
761 502 119944
761 313 185260
300 701 211786
716 44 50373
716 657 985109
491 242 337787
824 119 628252
824 472 864124
824 919 89301
422 79 147776
581 604 918341
89 564 705953
89 400 328567
238 311 186623
238 593 142179
157 488 997914
157 887 643216
933 266 917761
958 741 863380
958 983 522093
502 224 510185
313 150 874852
313 712 311799
242 288 101711
242 674 801752
919 615 8938
919 60 192110
400 660 470403
400 865 283191
887 463 761915
983 231 965939
288 459 827190
674 284 103131
615 528 899788
615 922 326378
60 123 72714
60 908 325462
60 980 72293
865 762 838590
463 825 961175
231 39 998858
231 589 503858
231 172 839995
459 165 175732
459 668 736622
284 46 653732
284 522 513709
528 390 406747
922 377 205557
123 249 388632
908 420 715496
980 936 82645
980 778 365511
762 66 525623
762 368 790869
762 310 724841
825 398 207978
825 923 659157
589 12 733023
589 770 577455
589 395 749143
589 885 820301
172 991 821780
668 143 126623
668 332 802913
668 466 332770
46 601 982802
46 692 180708
522 335 933447
522 340 123952
522 319 461895
390 338 846583
390 860 687236
377 209 385878
377 859 865327
778 434 566844
778 643 256628
310 247 501651
310 298 286160
398 874 503812
12 345 48970
12 385 311477
12 147 702332
395 693 601294
885 468 184525
991 243 775542
991 639 925592
991 785 166150
991 981 909105
466 362 127120
319 957 183186
338 306 673666
338 760 218711
860 258 134136
209 373 636097
434 782 156378
643 823 827522
643 932 864828
643 844 826254
298 161 222002
298 142 201521
147 718 574719
693 124 295617
693 777 86811
468 568 342937
639 153 367339
760 94 559493
760 324 973467
932 547 33622
844 433 102713
844 223 61736
161 262 882038
161 626 561476
142 863 185466
142 464 578775
718 57 872900
94 506 300694
324 544 644737
547 684 350303
433 473 868943
223 59 459763
626 92 757003
464 724 37606
464 855 944424
464 126 47542
544 248 605447
544 428 824192
684 405 578278
59 342 568585
59 902 173917
59 336 610282
724 554 259184
724 681 824001
724 815 989028
855 974 249866
126 193 686035
126 281 633457
428 458 806406
428 430 939610
405 575 87025
405 166 719898
405 403 199114
342 818 418150
342 757 968609
902 871 121178
336 216 491406
681 436 201975
815 595 886390
281 970 233024
281 289 685455
458 383 248880
430 734 565630
430 328 905699
430 169 783285
166 455 929835
403 48 741193
403 941 228566
757 822 94940
871 290 560844
871 943 991095
216 187 663594
436 518 200023
970 877 796006
289 367 864066
289 245 34016
734 85 252551
734 685 865745
328 132 225418
169 56 108113
455 754 300882
48 494 416301
48 580 454971
822 545 210817
290 221 350947
290 900 169294
187 837 632620
187 125 697801
187 514 360758
245 799 328803
132 641 435581
56 321 336197
56 122 938047
754 293 793891
754 309 333382
754 379 199438
545 102 393712
545 671 68918
545 810 765711
221 145 368829
221 781 166965
221 137 988565
837 14 330055
837 277 432561
125 809 244595
125 613 713104
514 525 194268
799 254 309207
641 178 186851
321 658 808305
122 747 611693
781 565 233933
137 852 577484
809 704 860679
809 656 709668
613 199 917167
613 960 207032
525 8 597770
525 259 808706
525 949 365488
254 826 898010
254 188 584448
178 735 271910
658 18 686963
565 471 423708
565 679 447329
852 351 934130
704 929 575840
656 951 104701
960 315 346599
960 325 971219
8 404 697704
259 72 690632
949 432 495004
949 982 658104
188 219 822762
188 413 238156
188 987 504798
679 36 226643
929 789 669527
929 35 495975
325 764 149225
72 260 531315
72 517 940241
72 526 778680
72 151 382060
432 54 206368
982 296 561065
219 112 636682
413 177 526511
413 895 187303
36 549 768368
36 808 674873
35 838 933937
764 950 728145
526 691 387491
526 666 283270
151 591 886792
151 959 127620
54 11 719682
54 25 790858
296 787 92057
112 524 52659
112 584 405258
177 711 201625
895 738 351746
895 802 11205
895 876 847703
549 222 541009
666 240 774309
666 938 414049
959 241 773915
11 344 110985
11 606 791140
25 346 739761
25 944 853722
787 106 54440
787 906 828208
787 947 129915
584 457 465635
738 537 815210
802 698 217738
240 268 799424
241 323 292869
241 912 516276
606 452 377314
944 689 82702
106 553 735565
106 653 74707
106 751 486230
947 274 782769
947 207 568947
457 20 794657
457 100 5324
689 410 664656
553 445 952482
751 226 129192
751 138 346347
207 634 955757
207 236 988121
207 886 326629
100 164 814065
138 450 671421
634 303 170820
236 408 387645
236 708 607154
164 840 929064
164 857 934142
943 569 573 385 258 742 521 83 818 105 165 503 286 899 685 739 627 102 96 826 800 292 476 886 124 750 199 381 898 119 628 517 20 51 314 673 224 691 315 874 150 620 629 262 120 326 607 832 408 785 473 833 838 635 109 773 587 158 278 143 155 712 43 485 851 856 246 92 618 45 623 488 570 450 121 568 383 414 652 454 676 695 483 275 597 494 984 863 441 304 211 621 934 715 135 375 305 127 440 974 611 429 936 323 688 953 367 650 831 660 153 765 439 857 128 697 995 914 190 566 946 655 63 735 191 911 732 418 268 179 69 167 49 64 538 437 39 542 670 251 332 249 141 948 507 79 651 797 309 900 462 18 339 789 461 530 605 576 590 419 537 330 977 524 876 311 95 595 816 868
