1000 4
0 1 67066
0 2 441675
1 3 10576
2 4 624250
3 5 333913
4 6 482057
5 7 385035
6 8 623032
7 9 827065
8 10 547497
9 11 25145
10 12 335076
11 13 772718
12 14 127352
13 15 629399
14 16 541461
15 17 226882
16 18 788198
17 19 786735
18 20 123870
19 21 184743
20 22 928295
21 23 168864
22 24 167196
23 25 876262
24 26 909675
25 27 929426
26 28 93493
27 29 343493
28 30 421527
29 31 789469
30 32 731169
31 33 55860
32 34 181352
33 35 378589
34 36 536500
35 37 347387
36 38 684181
37 39 411492
38 40 410139
39 41 125736
40 42 743751
41 43 501235
42 44 995892
43 45 864624
44 46 305871
45 47 351850
46 48 902424
47 49 836176
48 50 698036
49 51 802348
50 52 575073
51 53 616258
52 54 387545
53 55 570804
54 56 872981
55 57 544761
56 58 405300
57 59 534832
58 60 180739
59 61 199888
60 62 801118
61 63 923589
62 64 148047
63 65 903142
64 66 885594
65 67 527492
66 68 481211
67 69 144110
68 70 356047
69 71 411879
70 72 368099
71 73 201797
72 74 768089
73 75 156184
74 76 541478
75 77 167501
76 78 373863
77 79 194893
78 80 520326
79 81 968190
80 82 436368
81 83 468493
82 84 364923
83 85 628915
84 86 361444
85 87 229829
86 88 364234
87 89 882004
88 90 233781
89 91 477425
90 92 294956
91 93 947414
92 94 161634
93 95 899363
94 96 238664
95 97 3507
96 98 609241
97 99 620488
98 100 272654
99 101 588320
100 102 557874
101 103 496729
102 104 280225
103 105 108294
104 106 833354
105 107 776828
106 108 593512
107 109 625406
108 110 310542
109 111 515164
110 112 858343
111 113 255887
112 114 624111
113 115 589821
114 116 146221
115 117 999409
116 118 50063
117 119 990536
118 120 453549
119 121 500384
120 122 675766
121 123 347877
122 124 57412
123 125 749862
124 126 630761
125 127 596151
126 128 427544
127 129 915541
128 130 90773
129 131 664890
130 132 945838
131 133 709407
132 134 85056
133 135 140466
134 136 689698
135 137 372870
136 138 503583
137 139 883846
138 140 840624
139 141 316500
140 142 420061
141 143 195781
142 144 780562
143 145 440699
144 146 262925
145 147 421039
146 148 696680
147 149 399791
148 150 374290
149 151 889640
150 152 217911
151 153 281118
152 154 48226
153 155 325047
154 156 57343
155 157 166883
156 158 644069
157 159 597039
158 160 273536
159 161 867632
160 162 127190
161 163 901042
162 164 8082
163 165 396555
164 166 924016
165 167 745990
166 168 889427
167 169 718861
168 170 418445
169 171 539160
170 172 671684
171 173 98360
172 174 269783
173 175 650452
174 176 606205
175 177 61889
176 178 840158
177 179 525605
178 180 288164
179 181 854581
180 182 863717
181 183 351476
182 184 717032
183 185 31332
184 186 739436
185 187 820816
186 188 727559
187 189 956257
188 190 663971
189 191 270293
190 192 24692
191 193 742927
192 194 5577
193 195 187163
194 196 345686
195 197 21918
196 198 653314
197 199 406478
198 200 456194
199 201 114816
200 202 905246
201 203 680544
202 204 474846
203 205 544478
204 206 152894
205 207 269714
206 208 930901
207 209 766391
208 210 730392
209 211 463989
210 212 848017
211 213 427439
212 214 922360
213 215 423333
214 216 661200
215 217 516659
216 218 681909
217 219 475583
218 220 531107
219 221 999452
220 222 228564
221 223 944718
222 224 914488
223 225 899756
224 226 899004
225 227 174169
226 228 993084
227 229 27366
228 230 859237
229 231 180952
230 232 714139
231 233 663995
232 234 482451
233 235 820411
234 236 993175
235 237 141878
236 238 665219
237 239 532924
238 240 563178
239 241 716325
240 242 968574
241 243 9762
242 244 927575
243 245 527741
244 246 355538
245 247 323711
246 248 805878
247 249 743288
248 250 118013
249 251 528519
250 252 21584
251 253 176869
252 254 870103
253 255 336207
254 256 779465
255 257 485316
256 258 158754
257 259 908136
258 260 285448
259 261 795929
260 262 727275
261 263 995061
262 264 626611
263 265 920348
264 266 940701
265 267 601513
266 268 698692
267 269 996444
268 270 929650
269 271 671740
270 272 873325
271 273 873190
272 274 139419
273 275 142893
274 276 142665
275 277 159769
276 278 364750
277 279 39183
278 280 105536
279 281 915854
280 282 216147
281 283 298379
282 284 949357
283 285 647434
284 286 800404
285 287 610806
286 288 12125
287 289 153416
288 290 99764
289 291 480402
290 292 92170
291 293 38330
292 294 996223
293 295 463529
294 296 688323
295 297 298877
296 298 174945
297 299 117625
298 300 855437
299 301 987014
300 302 715824
301 303 352134
302 304 269415
303 305 214894
304 306 30098
305 307 180229
306 308 680922
307 309 415281
308 310 841525
309 311 653851
310 312 885401
311 313 120769
312 314 250741
313 315 8604
314 316 203892
315 317 20165
316 318 602948
317 319 476939
318 320 621139
319 321 906471
320 322 894115
321 323 7025
322 324 401816
323 325 847788
324 326 325701
325 327 968264
326 328 722554
327 329 965073
328 330 279140
329 331 79700
330 332 815058
331 333 734204
332 334 202977
333 335 722382
334 336 257938
335 337 613680
336 338 143607
337 339 448278
338 340 435251
339 341 550517
340 342 627886
341 343 150374
342 344 191441
343 345 918641
344 346 342322
345 347 892030
346 348 367508
347 349 92752
348 350 936321
349 351 135066
350 352 328743
351 353 469585
352 354 690453
353 355 534878
354 356 915584
355 357 682966
356 358 267520
357 359 555294
358 360 640183
359 361 433404
360 362 626496
361 363 919425
362 364 523956
363 365 446485
364 366 721985
365 367 488730
366 368 769158
367 369 979898
368 370 552226
369 371 638975
370 372 448459
371 373 128267
372 374 816593
373 375 195584
374 376 686395
375 377 855081
376 378 649858
377 379 951407
378 380 502215
379 381 242651
380 382 448412
381 383 835839
382 384 823726
383 385 786328
384 386 414973
385 387 49330
386 388 528096
387 389 996865
388 390 759532
389 391 173586
390 392 516451
391 393 990253
392 394 42892
393 395 119683
394 396 586666
395 397 356791
396 398 614616
397 399 762718
398 400 210498
399 401 270468
400 402 374805
401 403 331949
402 404 276697
403 405 724358
404 406 503343
405 407 17828
406 408 399869
407 409 115243
408 410 867425
409 411 736527
410 412 992491
411 413 78667
412 414 33726
413 415 889350
414 416 919051
415 417 38692
416 418 147672
417 419 70989
418 420 371409
419 421 106697
420 422 121429
421 423 545629
422 424 531671
423 425 80730
424 426 610970
425 427 987162
426 428 336369
427 429 550392
428 430 701121
429 431 352670
430 432 999695
431 433 568699
432 434 604524
433 435 116336
434 436 235364
435 437 338626
436 438 94704
437 439 759281
438 440 139740
439 441 610052
440 442 161135
441 443 835950
442 444 33332
443 445 298481
444 446 869803
445 447 655381
446 448 608873
447 449 200966
448 450 387171
449 451 717197
450 452 976005
451 453 549284
452 454 780474
453 455 968906
454 456 371925
455 457 50262
456 458 523196
457 459 656678
458 460 379907
459 461 193880
460 462 176294
461 463 920607
462 464 186018
463 465 294914
464 466 641358
465 467 290158
466 468 72915
467 469 146529
468 470 646742
469 471 440879
470 472 143648
471 473 946575
472 474 275062
473 475 532632
474 476 834441
475 477 341725
476 478 59927
477 479 21784
478 480 350399
479 481 64472
480 482 394182
481 483 718296
482 484 150951
483 485 374086
484 486 654033
485 487 151553
486 488 701485
487 489 648075
488 490 830455
489 491 816770
490 492 275478
491 493 537821
492 494 494808
493 495 158970
494 496 569199
495 497 599614
496 498 135259
497 499 966126
498 500 317083
499 501 414814
500 502 534991
501 503 918175
502 504 47048
503 505 108614
504 506 667312
505 507 238426
506 508 275793
507 509 28903
508 510 905856
509 511 140087
510 512 55064
511 513 369263
512 514 193261
513 515 909002
514 516 1907
515 517 454154
516 518 23737
517 519 235738
518 520 506928
519 521 806268
520 522 649510
521 523 201561
522 524 445172
523 525 12929
524 526 936952
525 527 592541
526 528 178364
527 529 623792
528 530 968916
529 531 612219
530 532 684907
531 533 555645
532 534 651177
533 535 852523
534 536 641920
535 537 437884
536 538 137674
537 539 886879
538 540 839261
539 541 665764
540 542 354497
541 543 260132
542 544 490696
543 545 803984
544 546 395770
545 547 955091
546 548 570496
547 549 46988
548 550 654201
549 551 167624
550 552 942767
551 553 984163
552 554 198667
553 555 955620
554 556 830807
555 557 67493
556 558 993035
557 559 857773
558 560 246316
559 561 233886
560 562 350113
561 563 92054
562 564 618401
563 565 620226
564 566 660675
565 567 177274
566 568 967294
567 569 191509
568 570 750363
569 571 708732
570 572 833518
571 573 995272
572 574 21792
573 575 447962
574 576 119692
575 577 61008
576 578 624763
577 579 728431
578 580 756779
579 581 146456
580 582 727440
581 583 306159
582 584 165052
583 585 367143
584 586 535048
585 587 707614
586 588 474821
587 589 894142
588 590 835508
589 591 903808
590 592 107760
591 593 668486
592 594 573661
593 595 703263
594 596 987937
595 597 814856
596 598 544708
597 599 957887
598 600 206464
599 601 813006
600 602 816189
601 603 357574
602 604 492457
603 605 51504
604 606 654999
605 607 210518
606 608 609142
607 609 586801
608 610 578473
609 611 98574
610 612 33645
611 613 454054
612 614 91346
613 615 814289
614 616 471637
615 617 584301
616 618 367529
617 619 432843
618 620 563767
619 621 156371
620 622 757555
621 623 14565
622 624 398333
623 625 244613
624 626 792618
625 627 939042
626 628 95926
627 629 820699
628 630 360350
629 631 550433
630 632 892329
631 633 245785
632 634 472323
633 635 330519
634 636 791906
635 637 164356
636 638 482184
637 639 647766
638 640 556352
639 641 204302
640 642 287278
641 643 513710
642 644 361086
643 645 235604
644 646 252985
645 647 210578
646 648 767466
647 649 819049
648 650 465452
649 651 969153
650 652 881770
651 653 223845
652 654 287942
653 655 387573
654 656 926951
655 657 240857
656 658 26939
657 659 667882
658 660 8362
659 661 856898
660 662 175697
661 663 430317
662 664 288826
663 665 217017
664 666 846088
665 667 198880
666 668 481601
667 669 157725
668 670 105089
669 671 209529
670 672 835092
671 673 413132
672 674 485364
673 675 755982
674 676 316218
675 677 186525
676 678 353773
677 679 679158
678 680 167493
679 681 908197
680 682 267701
681 683 129896
682 684 42005
683 685 977490
684 686 351231
685 687 96770
686 688 225574
687 689 31906
688 690 47595
689 691 611119
690 692 51610
691 693 175758
692 694 41337
693 695 632727
694 696 706420
695 697 586211
696 698 421260
697 699 514294
698 700 722297
699 701 358448
700 702 106476
701 703 502382
702 704 886256
703 705 184036
704 706 943579
705 707 226880
706 708 479639
707 709 290057
708 710 896000
709 711 718158
710 712 480503
711 713 308755
712 714 282338
713 715 225999
714 716 249564
715 717 766947
716 718 717970
717 719 846127
718 720 187254
719 721 739440
720 722 619867
721 723 403235
722 724 311264
723 725 349411
724 726 819054
725 727 570585
726 728 42270
727 729 142203
728 730 326139
729 731 940206
730 732 632949
731 733 26268
732 734 508058
733 735 546257
734 736 687495
735 737 155775
736 738 322653
737 739 689863
738 740 177373
739 741 870206
740 742 672515
741 743 609059
742 744 681289
743 745 404245
744 746 547300
745 747 539220
746 748 601540
747 749 558937
748 750 202902
749 751 132227
750 752 449721
751 753 27215
752 754 287923
753 755 851867
754 756 175306
755 757 589762
756 758 270157
757 759 743979
758 760 315507
759 761 35087
760 762 137288
761 763 715996
762 764 62625
763 765 122008
764 766 715389
765 767 757310
766 768 186710
767 769 553664
768 770 317085
769 771 98623
770 772 99239
771 773 747771
772 774 702249
773 775 278118
774 776 214029
775 777 487865
776 778 719604
777 779 270574
778 780 549033
779 781 229032
780 782 729816
781 783 644513
782 784 529609
783 785 912545
784 786 55352
785 787 851404
786 788 216797
787 789 578424
788 790 909442
789 791 628715
790 792 682755
791 793 227577
792 794 858188
793 795 75852
794 796 240745
795 797 973339
796 798 628904
797 799 393086
798 800 339260
799 801 699804
800 802 134319
801 803 533521
802 804 437920
803 805 514951
804 806 599162
805 807 326192
806 808 967830
807 809 172728
808 810 595300
809 811 682540
810 812 540734
811 813 547666
812 814 534455
813 815 645075
814 816 761457
815 817 293735
816 818 808292
817 819 576077
818 820 815193
819 821 945990
820 822 882461
821 823 407363
822 824 536875
823 825 291787
824 826 123214
825 827 926189
826 828 865281
827 829 698717
828 830 681267
829 831 292814
830 832 699708
831 833 472099
832 834 683045
833 835 947309
834 836 407967
835 837 905232
836 838 30574
837 839 392790
838 840 651651
839 841 203778
840 842 924772
841 843 558852
842 844 286359
843 845 22820
844 846 306740
845 847 458840
846 848 291730
847 849 273650
848 850 374835
849 851 11944
850 852 341486
851 853 575038
852 854 538399
853 855 763680
854 856 166513
855 857 714781
856 858 962938
857 859 704299
858 860 838318
859 861 494041
860 862 77182
861 863 7911
862 864 140948
863 865 204678
864 866 424881
865 867 355440
866 868 252062
867 869 304390
868 870 186717
869 871 336601
870 872 541522
871 873 98201
872 874 775715
873 875 702077
874 876 887478
875 877 885241
876 878 832598
877 879 304737
878 880 215221
879 881 755271
880 882 535818
881 883 391850
882 884 538525
883 885 806371
884 886 105417
885 887 218892
886 888 224
887 889 622690
888 890 16778
889 891 621090
890 892 469926
891 893 661607
892 894 970223
893 895 826226
894 896 804739
895 897 316018
896 898 209274
897 899 651269
898 900 704691
899 901 392346
900 902 578841
901 903 189587
902 904 631103
903 905 392611
904 906 207261
905 907 531099
906 908 441780
907 909 979031
908 910 398815
909 911 320875
910 912 834839
911 913 912408
912 914 272894
913 915 166803
914 916 907186
915 917 941466
916 918 718694
917 919 812026
918 920 988277
919 921 565006
920 922 286849
921 923 851826
922 924 951502
923 925 722405
924 926 175105
925 927 673635
926 928 96944
927 929 645596
928 930 97536
929 931 502140
930 932 922836
931 933 965323
932 934 501332
933 935 727355
934 936 475301
935 937 309385
936 938 958992
937 939 530349
938 940 562890
939 941 729973
940 942 439827
941 943 88502
942 944 142594
943 945 117832
944 946 253855
945 947 203583
946 948 921587
947 949 470950
948 950 823600
949 951 261502
950 952 809997
951 953 436041
952 954 918680
953 955 121153
954 956 729689
955 957 471078
956 958 989939
957 959 790379
958 960 53191
959 961 127114
960 962 744489
961 963 372062
962 964 992451
963 965 72269
964 966 215694
965 967 522486
966 968 453700
967 969 714728
968 970 198855
969 971 807368
970 972 156894
971 973 691545
972 974 229956
973 975 323746
974 976 595569
975 977 387779
976 978 511688
977 979 131223
978 980 53626
979 981 81576
980 982 607515
981 983 151657
982 984 859423
983 985 214351
984 986 351791
985 987 165236
986 988 414620
987 989 24597
988 990 872771
989 991 411263
990 992 220255
991 993 847066
992 994 393677
993 995 724002
994 996 896324
994 998 596357
995 997 381491
995 999 459932
996 997 998 999
