709 31
0 680 378294
0 567 397255
0 642 780368
680 309 106560
680 336 374254
567 687 747984
567 410 53464
642 445 93585
336 401 584398
687 531 694613
410 707 110906
445 650 410066
401 333 467335
401 296 406701
531 592 193549
531 89 373567
707 258 308899
650 633 763677
650 295 486394
296 507 973706
592 614 197334
592 430 785237
89 400 634336
89 108 102124
89 675 980505
295 688 141957
295 689 508179
507 214 745655
614 6 492500
430 256 955342
400 184 769355
400 396 159892
108 607 965587
108 598 229852
675 145 557140
675 134 285538
688 475 783290
689 73 72483
689 411 297401
689 496 695395
256 59 355317
256 10 315420
598 373 69924
134 667 635794
134 502 171101
411 405 815153
496 288 680908
496 18 780686
496 648 434631
496 289 739405
496 157 147652
10 327 2326
373 419 451341
667 342 106819
502 69 331467
18 245 48942
648 540 351195
289 325 120723
289 534 280697
289 237 940032
157 408 741223
327 329 237743
327 626 596149
419 139 964461
419 446 322816
342 81 633281
69 181 945786
69 208 693043
245 528 274656
237 655 272216
408 690 147488
329 520 279620
139 228 664372
139 524 166979
446 31 575979
446 437 220460
181 360 656961
181 605 662149
208 392 95993
208 580 91731
528 384 952948
655 480 209825
655 435 438054
655 660 938873
690 441 60508
520 118 711275
524 38 363499
524 365 260167
31 659 366666
437 362 373027
580 705 182655
384 179 931121
435 191 95765
660 474 791088
660 390 549115
441 466 180556
441 404 966115
118 149 811135
659 210 663004
362 41 445081
362 664 636659
705 64 861706
179 67 762452
191 697 224341
474 235 689070
390 645 608299
390 422 747632
404 468 688428
404 551 996861
404 600 118533
149 542 8162
210 353 151635
664 236 68492
664 282 812323
664 632 564634
67 335 525767
235 90 838594
235 393 7455
645 486 663534
645 84 323327
422 658 83214
551 291 85194
551 323 453856
600 615 158538
353 359 519032
236 311 743437
282 505 288187
632 83 7415
90 19 439081
90 511 348136
90 523 816185
393 370 396508
393 262 807952
84 317 689300
658 639 393651
658 331 848669
658 388 252432
615 467 962066
615 146 904007
615 303 264624
615 708 662871
359 17 71348
359 29 831760
83 257 386764
262 213 189260
317 661 494665
317 102 321325
331 473 75190
388 354 498327
467 178 141511
146 272 655077
146 498 254761
146 36 549227
146 231 769449
303 22 772529
303 673 886382
17 143 326645
17 240 918624
29 489 526045
213 695 383036
102 193 211568
102 447 770341
102 125 115402
473 227 280636
354 88 166759
178 301 587948
272 92 239951
498 66 934190
36 552 862574
231 201 483713
231 13 713779
22 399 867476
673 111 559443
240 165 111789
695 124 17509
193 316 121434
125 16 710049
227 190 201404
88 579 690198
88 39 584871
201 49 237772
13 249 757455
399 34 809928
399 369 829620
399 417 466336
111 657 994332
124 406 382048
124 590 830453
316 107 685983
16 387 654568
190 167 808434
39 183 424188
39 65 889078
249 596 239124
417 619 399795
590 456 857047
387 426 776550
387 550 971653
387 574 105569
167 51 242261
167 279 658578
183 433 933060
65 290 178001
596 150 39698
619 11 387631
550 241 444542
574 27 924632
279 37 178181
279 352 444680
433 549 180337
290 239 701891
290 526 195614
27 584 108265
352 52 764598
352 259 798974
549 356 136316
549 568 345398
239 699 452921
526 459 670476
584 450 345856
52 367 98838
259 701 215678
699 543 687499
699 30 918277
459 428 317115
450 171 44835
543 189 410189
30 43 475929
428 3 910038
428 302 681142
171 418 529956
171 264 388624
43 532 198676
3 283 622813
302 198 859658
302 545 743084
302 631 690334
264 211 682447
264 591 976208
264 476 957178
532 457 145596
532 577 934130
631 312 573163
631 686 590474
631 202 198414
591 277 163403
591 613 910813
476 581 471480
476 169 490646
577 160 939699
312 380 599641
686 304 668757
202 194 33875
202 35 336488
202 263 22605
202 186 133748
202 12 333499
202 2 1576
277 224 975206
277 129 95877
613 265 60817
169 455 136921
169 694 924575
304 510 33544
35 378 732690
35 490 263521
263 587 351014
263 394 38011
186 232 972542
186 529 483567
12 376 764591
2 350 906032
129 254 970749
455 97 335996
455 168 964657
694 252 833058
694 678 812906
394 74 813422
394 647 757459
529 344 896572
529 538 83427
529 582 442370
529 470 170151
376 86 330428
376 573 663611
376 451 466346
350 488 799091
97 172 496605
97 343 144909
97 246 150075
97 286 801316
97 305 441639
168 693 374076
538 436 947102
582 374 959350
582 625 212856
470 104 257993
86 313 634651
573 516 424255
451 363 765901
451 492 198724
451 553 664722
451 478 633909
488 557 897552
246 238 1299
286 609 403737
305 205 676192
693 379 436742
625 187 316467
625 479 526514
104 94 659421
104 21 360281
313 268 262989
516 608 424628
553 24 857619
478 643 849113
478 423 614737
557 319 81760
557 685 489112
557 23 349469
238 206 8364
205 196 816884
205 397 946679
379 517 793999
379 541 680061
479 215 727140
479 612 699306
479 434 993310
94 308 146051
21 47 325438
21 253 471726
268 471 852734
268 635 125794
608 696 498128
643 82 303499
643 595 944821
643 484 450063
423 503 562755
319 173 854349
319 683 493743
685 225 778601
685 383 100867
23 702 143499
23 438 324731
206 40 39070
206 424 21983
196 44 714831
196 444 513332
196 368 902570
397 546 546947
215 28 614266
215 391 593481
612 425 270326
434 533 265702
434 644 538696
308 174 357712
308 513 52996
253 622 735118
253 691 849762
471 141 765322
635 465 42810
635 604 932017
82 57 655259
82 123 188234
595 593 439133
484 321 152489
503 223 121458
503 33 101605
225 120 458496
225 269 1229
225 300 993549
383 115 712058
383 248 624075
438 80 343661
424 112 956280
44 48 69022
368 77 858813
546 630 269073
425 389 253939
533 547 187925
644 294 521585
174 674 515115
513 61 163568
513 117 548974
691 280 917462
691 281 693150
691 597 667570
691 58 820508
691 293 838755
141 346 390606
604 188 797031
604 116 566080
321 72 919860
321 525 395072
223 326 496584
223 442 195260
33 421 391804
33 136 161846
300 32 677699
248 203 939277
80 209 476872
80 212 795728
77 544 977360
630 222 230430
294 63 191941
294 78 179256
674 244 42406
117 55 185776
117 684 601535
281 315 814876
58 672 512481
293 636 305526
188 162 347938
116 341 176216
525 151 167137
525 448 507410
525 355 929947
326 299 21201
136 564 521373
203 233 215850
203 440 143501
203 463 681729
209 226 978537
212 275 45197
212 651 711695
212 337 513419
212 285 337704
78 554 118914
55 75 104424
684 571 234958
636 519 563175
636 522 677540
636 330 466516
636 485 380506
162 200 280178
448 106 10393
355 60 169605
355 700 516738
564 339 229736
233 207 802406
463 218 952680
463 666 826609
463 345 561098
337 109 28288
285 261 323834
285 676 743918
285 628 397243
554 128 554307
571 665 173341
571 127 839382
522 292 982816
330 662 549375
485 381 337484
60 79 988989
60 462 411361
700 113 317159
339 132 262449
339 616 842330
218 535 165966
666 548 387237
345 679 47103
345 347 852648
109 273 426430
109 4 46422
628 414 117913
128 372 389823
665 508 911665
127 514 413222
127 539 758517
292 328 752481
292 641 524228
662 375 33107
662 242 486641
381 703 487570
462 144 794384
113 251 84882
132 560 161714
616 192 622119
616 431 509928
616 398 356367
535 624 978028
548 99 891096
679 229 324386
347 653 849109
347 95 412970
273 7 798285
4 270 34703
4 105 204015
414 706 122299
508 25 957866
508 515 35387
508 163 503205
539 559 594457
539 677 550452
375 572 959268
242 499 369750
242 276 514317
703 177 26203
144 76 433462
251 506 899330
251 62 270836
560 627 103541
192 561 639849
431 98 162037
431 603 989492
398 704 739134
99 403 424769
95 1 276617
7 497 723926
7 164 688003
105 15 356479
515 298 146017
163 85 33538
163 530 195080
677 555 208925
572 101 187681
276 610 629017
276 634 444956
177 452 791428
76 42 518344
506 103 789665
62 692 590505
627 518 441586
561 110 545458
561 71 219664
98 156 939236
98 668 475168
98 652 728565
603 578 573298
603 8 279773
1 147 535498
164 199 766515
15 176 516759
15 669 659425
15 409 979255
530 220 121361
530 594 381351
610 154 165516
452 142 166392
452 483 615661
42 20 122390
42 297 613951
42 429 784728
103 100 569480
692 121 707973
518 138 461807
518 407 770900
71 416 726440
668 620 755696
652 314 637037
652 601 944503
652 260 449696
652 402 901893
8 698 896312
147 348 890934
147 536 757785
147 599 844551
147 606 66236
147 681 967175
199 357 84669
199 453 288900
199 646 285477
176 274 30740
669 415 370044
669 521 283295
409 460 66951
220 493 665627
142 161 636262
483 464 418793
483 366 845348
20 170 693066
429 68 521258
429 617 644498
100 576 674170
416 45 460483
416 230 574826
416 427 714595
260 340 711697
402 243 461611
698 494 647582
698 87 207543
599 159 853036
599 266 649150
606 158 760133
606 91 264973
453 310 80564
646 53 24446
274 509 26686
460 148 264712
460 175 152464
493 114 962806
161 119 837632
464 500 838077
366 9 574268
366 255 194005
617 487 99693
340 618 161327
243 166 122716
243 491 887119
87 570 858204
159 358 299008
266 586 621964
158 556 913984
158 602 784530
91 122 452464
91 217 225103
310 219 869220
53 458 538812
509 623 850841
148 221 307977
148 287 492549
148 637 269493
175 558 146443
119 216 31503
255 14 318824
255 126 606248
618 50 347498
618 133 131910
618 93 108155
166 385 382958
491 250 44734
491 670 330980
570 54 395033
358 318 860567
358 501 427830
586 152 711330
586 481 575283
602 182 296564
602 234 395959
602 324 84201
217 432 684177
217 495 703481
217 247 785284
458 640 637451
623 135 747081
637 611 15506
558 267 528385
216 566 5441
126 656 497971
133 140 62759
133 449 699025
93 137 416129
93 180 768618
93 443 868678
93 504 806821
385 334 579907
385 575 363485
670 395 521254
501 320 104975
501 562 77542
152 563 727479
481 306 611371
324 307 834238
432 349 442639
247 621 674168
640 589 808853
135 413 291768
267 351 536289
267 654 408960
267 472 136038
656 469 368362
656 130 943564
140 204 71107
334 364 922020
575 588 861891
395 26 298736
395 537 979360
562 371 939906
563 454 273415
306 569 245581
589 131 320090
589 386 321614
413 527 837115
654 461 914585
472 585 937650
469 56 25204
130 284 177461
130 420 737625
26 638 756746
537 671 134967
454 382 411451
131 185 836696
527 271 998368
585 682 321616
284 195 614438
420 338 768656
671 155 588978
671 583 417260
185 5 316644
271 70 36799
271 439 270590
271 482 89803
338 153 502095
338 197 780235
155 377 339892
583 629 184937
70 361 531149
439 565 44702
482 477 339229
482 649 582531
197 663 582887
629 96 680508
629 512 242817
361 278 510897
565 332 901354
477 412 988156
278 322 979841
322 46 462281
581 288 415 626 57 198 50 391 392 59 150 597 517 634 214 593 578 706 663 112 367 320 492 187 534 232 436 647 447 559 651
