1000 1
0 864 457828
0 139 426863
139 810 896746
139 575 353711
139 639 632146
575 549 424911
575 401 755808
575 94 42239
639 258 92095
549 322 31464
549 443 224898
549 481 404821
401 677 52651
94 337 410775
94 106 364424
258 334 9618
258 881 913279
106 762 651527
334 793 389875
334 801 197455
334 633 949511
334 45 467779
334 219 100888
334 664 678971
881 576 559875
762 540 98376
793 728 484435
801 87 962006
633 395 872316
45 366 933070
219 988 177500
664 991 723493
576 610 645576
540 917 531678
728 387 297905
395 915 125414
366 743 872835
366 70 148130
366 283 769843
991 838 644040
991 409 472354
991 975 591882
610 151 142705
610 660 695795
610 250 67097
917 689 942997
917 392 96603
387 668 695794
915 710 873558
915 958 941549
743 71 198079
743 517 211847
743 746 574523
70 621 49244
70 771 538971
283 646 927942
409 294 247428
409 861 93506
250 35 442943
392 630 246717
392 805 793283
668 504 384210
958 84 208023
958 584 547782
958 362 402658
771 128 625502
771 863 563851
646 755 71481
646 985 876937
294 268 584090
861 275 752665
35 172 57441
35 8 238342
35 931 390026
805 876 330815
584 111 699617
584 390 912043
584 721 335745
362 971 580197
755 433 692298
268 554 91799
275 735 290427
172 714 110550
8 802 1069
931 469 475684
876 335 177853
721 65 177932
433 568 485376
433 162 100927
735 297 781763
714 152 124241
802 27 49994
469 773 719124
335 88 638941
335 317 809915
162 187 172793
162 666 528248
152 156 704698
27 364 744565
27 386 971854
773 803 58241
187 698 643274
187 22 217318
666 955 322120
386 285 436711
803 393 808499
803 745 265174
803 339 890368
22 423 987362
955 149 526568
955 92 530112
955 458 908101
285 564 330747
393 396 775334
393 398 477532
745 812 385806
339 428 441508
423 227 485331
423 413 528024
423 709 865382
92 321 422141
92 129 254771
458 951 662905
564 938 254487
396 336 704313
398 684 928824
428 301 41576
428 475 306889
709 797 622488
709 935 670166
129 542 23560
951 30 470696
951 358 860380
301 572 478045
475 66 539192
475 998 18529
475 76 375851
935 41 238616
358 683 672210
572 188 191369
572 963 169308
66 438 999335
66 758 481444
998 946 247849
76 90 920834
76 816 918432
41 211 321510
41 299 164389
188 424 172347
438 446 233632
758 792 794639
946 166 605648
946 526 211163
90 279 502554
816 980 398652
299 292 674051
424 500 577163
526 581 161597
526 748 592797
526 987 296024
279 328 910414
279 874 776076
279 483 905186
980 58 577811
500 214 284116
500 674 430537
581 580 373936
748 588 344860
748 970 328497
328 685 903842
874 182 727095
483 351 428629
483 920 268365
58 83 300919
58 359 159044
214 497 963198
674 833 285446
588 25 400768
588 918 21839
970 161 109743
970 217 435931
970 878 928900
351 798 797192
83 718 858234
359 651 819985
359 653 682061
833 39 52065
918 212 756953
918 627 629874
217 353 685138
798 641 970824
718 405 186314
718 567 9536
651 466 452953
651 965 535714
653 61 756058
653 63 355280
653 170 369721
653 557 225302
39 327 428253
39 672 584720
627 256 509754
353 154 299671
567 659 897524
466 933 220462
965 856 17361
965 402 174179
63 68 549368
63 788 712118
63 200 259532
170 473 967527
170 498 251504
170 694 854146
557 825 214487
557 37 939634
256 361 10452
154 13 152037
659 370 782792
659 870 704920
933 774 453351
402 100 439125
200 399 755352
200 941 811878
498 136 239188
694 367 118067
825 561 407062
37 403 876819
37 814 560260
361 502 830324
774 832 157969
100 974 679484
136 642 520013
367 110 116120
367 829 363811
367 29 725718
403 371 988825
814 818 669178
502 598 164880
832 40 596493
974 261 972041
974 208 402240
829 493 532177
829 611 784677
29 271 336975
29 123 219347
818 830 418744
598 727 64700
261 712 87607
208 596 806165
123 986 543180
830 806 932480
727 350 681736
596 817 569768
986 235 716054
806 691 258781
806 431 318496
806 422 197835
350 118 608484
350 842 130080
817 127 576163
235 210 203101
691 785 149271
431 905 950750
422 943 748706
422 723 15425
842 910 711041
210 620 587547
905 179 996121
905 606 467526
723 157 432871
723 553 112254
910 786 853151
620 429 381708
606 873 364678
553 468 441505
553 624 810305
553 538 101601
429 6 51741
873 5 33041
873 98 496745
873 734 863230
468 515 634448
624 410 361124
624 471 74381
538 835 118145
538 273 967609
6 436 33669
6 509 580224
5 134 674829
98 16 190797
734 566 766238
734 220 708581
734 266 187186
734 381 852277
515 529 754169
410 167 880257
410 597 579104
471 847 210547
835 508 767338
273 31 744274
509 254 528428
509 658 41788
16 807 949265
16 105 693472
220 380 367570
220 862 168876
266 238 442754
266 195 34944
381 141 878646
381 323 814740
381 993 799120
508 185 811850
508 17 476155
31 482 907793
658 226 285464
807 320 911063
807 463 542246
105 52 627606
380 523 549893
238 860 600140
195 295 652833
195 959 646942
323 590 362807
323 767 605702
993 976 966342
17 937 793848
17 960 456907
482 506 851355
482 234 738749
226 246 870218
226 288 710261
226 851 35636
320 448 516515
463 347 119289
463 400 253244
52 650 291221
523 384 524271
295 648 137036
295 733 870601
959 42 771406
590 138 478455
590 307 766585
976 341 612843
960 12 551132
234 520 55318
234 701 206753
851 858 685622
400 462 459954
650 64 732695
650 966 922169
648 54 942948
42 494 5726
42 467 737624
307 697 878399
341 412 934609
341 530 518381
520 300 382708
701 60 299272
701 85 126186
858 430 220577
858 690 218438
64 480 918215
64 79 818777
494 113 900703
494 194 323078
494 880 629366
467 50 796442
467 819 562308
467 77 47866
412 82 153603
412 340 96683
530 890 295054
300 501 700831
60 752 705148
85 286 301131
85 889 62785
690 102 176454
690 137 818412
690 536 812998
690 91 768872
480 425 382309
480 840 239691
79 948 582808
113 232 143409
113 555 230498
194 828 354097
880 326 727714
880 578 543731
50 903 647681
819 147 565849
77 859 544077
890 186 207312
890 647 579996
752 522 440851
286 877 716936
889 205 314731
889 645 434113
536 348 892656
536 382 958895
91 165 94761
91 949 42399
425 241 386635
948 898 53466
555 313 176114
578 577 887670
578 760 259243
147 741 566785
859 973 719028
647 117 759798
647 343 660139
877 768 959601
877 667 411721
645 978 275112
949 9 168951
949 749 330866
949 643 234924
898 548 11322
898 790 667391
760 329 60925
741 521 769466
973 940 661
973 848 726788
117 499 878532
343 198 682617
343 245 135699
768 486 642127
667 546 349194
667 142 480260
978 2 391657
978 579 466064
978 625 152730
978 544 624890
749 432 416599
749 871 351813
643 984 710510
790 587 179942
790 652 994714
329 900 740968
329 490 729492
521 228 905257
940 609 924199
940 119 669777
940 511 730694
848 559 768135
848 19 84732
499 168 972111
499 732 315200
198 680 578940
245 107 725862
546 700 438362
142 649 426125
579 437 97108
579 244 427378
625 982 238344
544 163 756958
544 914 364140
544 679 810493
587 51 628914
490 705 181389
490 794 193000
490 813 604109
490 215 812711
228 688 730518
228 305 30461
228 191 494135
228 634 886635
119 781 23041
119 159 904651
511 519 626923
19 678 927620
19 944 800686
19 309 387288
168 274 319021
732 216 3358
732 259 57753
107 383 289307
107 565 110560
700 101 974904
700 144 57888
649 507 143951
244 655 254166
982 629 151979
679 15 622723
705 772 856287
794 135 273427
813 324 594220
813 239 157439
813 314 113567
215 435 885845
215 444 390694
215 418 702006
215 893 812048
215 330 313751
305 906 882046
191 939 430872
634 708 922462
634 49 121388
159 888 177109
519 145 310473
519 332 77716
519 673 608140
678 612 479331
309 543 499551
309 675 183061
309 397 511034
383 636 129155
383 44 410403
383 979 66683
565 518 109735
565 922 77927
565 804 35338
101 777 654298
101 560 428983
144 176 860208
507 769 411929
655 449 166991
655 75 496968
629 38 740184
629 14 238798
15 62 296163
15 43 901995
15 197 146782
772 196 76489
135 460 469903
239 464 793589
314 109 866812
418 617 888453
330 74 816145
330 503 91450
330 907 163516
906 547 675871
708 357 656299
49 789 712883
49 180 920811
673 316 606384
612 199 620425
612 270 329535
543 484 449646
675 356 152428
675 911 944173
397 528 970587
397 961 701581
397 895 803976
636 485 327067
44 603 165374
44 379 18035
518 369 952707
518 516 269448
804 704 230662
804 834 468867
804 496 472219
560 47 479918
560 837 977617
176 331 298205
769 240 697719
449 865 826160
449 882 969982
449 556 267436
75 489 369494
38 289 573002
14 631 631922
14 891 611777
43 551 172451
197 391 143625
197 344 147435
196 96 133667
460 623 39960
109 562 615899
617 477 774392
617 843 649460
74 278 306353
503 695 748609
907 174 113557
547 782 206020
357 831 923413
180 726 788578
180 303 595001
316 957 387980
528 676 407295
961 756 500704
895 682 551263
895 80 763795
379 952 445840
369 360 716520
704 377 771394
704 18 927642
834 368 430449
496 173 183868
496 513 344553
496 947 197156
331 713 985246
331 908 47020
240 406 418420
240 632 122094
240 740 284370
865 178 919342
865 836 929244
865 352 192739
882 823 444441
556 213 632749
556 885 366208
489 972 132334
631 703 261295
551 640 670426
551 558 800571
551 811 37961
391 415 823867
391 849 982220
344 426 886600
344 999 796344
96 514 650034
623 78 648372
562 487 437226
477 563 998643
782 287 172940
831 465 539992
303 23 679018
756 36 966915
80 613 170663
952 644 646799
952 742 315643
360 28 37593
360 277 799186
18 260 772478
368 311 471686
368 272 524270
513 263 254227
947 169 179635
713 342 969404
713 657 198115
908 681 393968
632 20 781475
632 776 427131
632 160 163832
740 375 347800
836 103 914729
352 143 387153
352 855 400582
823 850 968010
213 747 142625
640 99 47470
640 150 109480
640 754 934843
558 953 598207
811 883 258011
811 994 740630
849 262 303811
426 7 782875
426 619 866485
999 121 135499
514 372 764503
487 775 467779
465 420 67564
23 155 596781
23 968 598577
613 787 531150
742 927 89245
260 595 498993
260 594 294029
311 55 62824
272 826 702875
263 204 795953
263 942 686149
169 992 417192
657 445 489973
657 586 311700
681 10 709626
681 46 636859
681 537 594111
776 67 264751
160 255 327051
375 251 637237
375 570 177258
375 866 776629
103 618 622854
850 354 275102
150 967 706232
754 872 687425
754 926 968485
754 284 605150
953 719 231104
883 53 340724
994 126 923316
994 282 206478
262 897 368811
619 491 463072
619 892 923501
121 24 956275
121 716 175894
121 845 313410
420 419 855583
155 654 730641
787 202 426921
787 962 252240
927 124 328404
595 827 50339
594 765 469712
594 231 929821
826 505 216843
826 571 668782
204 591 325330
992 808 533568
992 739 402892
586 455 310301
10 461 404603
10 472 911526
46 779 852407
537 247 241609
537 795 805297
537 34 171813
67 315 758166
255 600 905570
866 229 32197
866 116 27855
866 140 399515
618 81 424961
872 527 896684
284 665 200492
284 476 759537
719 193 261899
719 346 710769
282 209 980166
282 95 837390
897 456 662625
897 923 484916
845 290 362062
419 190 663448
202 146 674723
962 296 562493
124 601 820431
231 622 810730
231 662 417986
231 852 665266
571 459 383644
571 894 304877
591 236 355990
591 841 717349
739 376 891243
739 604 461433
739 478 353165
455 913 146261
472 388 666952
779 230 93310
247 495 580040
34 932 174374
600 365 394394
116 114 130627
116 416 207596
140 738 158197
140 306 874548
476 573 681990
346 995 73846
95 925 355334
95 333 775041
456 378 934662
923 569 258306
296 799 710581
296 824 3803
296 626 677480
662 589 114854
852 764 874578
236 133 918149
376 130 342613
478 265 376779
388 164 536855
388 411 931332
932 222 64596
932 242 598564
932 699 665016
365 638 922789
306 550 395127
573 115 780033
995 770 471553
925 724 450662
333 867 7023
333 879 326932
799 796 238923
824 439 995066
824 269 799035
626 201 238434
589 452 338590
589 447 864970
133 671 733177
133 751 627394
265 928 875111
699 780 787418
638 385 966728
638 815 670964
638 731 317475
550 541 569155
115 257 818266
115 510 913003
724 4 577400
867 614 352983
879 148 696214
796 711 481090
269 304 513863
269 759 977333
201 125 491104
201 964 880460
452 800 402698
447 846 215160
751 345 996007
751 349 207387
815 607 72736
731 112 865227
541 887 635231
541 69 595337
257 778 145772
257 936 484259
510 912 61486
4 707 201338
148 997 257248
759 89 487970
759 237 524791
759 693 247021
800 434 456608
800 440 391250
607 171 149058
112 656 973802
887 189 189672
887 725 897574
887 492 738897
69 996 735430
912 904 880359
912 628 821746
707 605 408415
693 104 390808
440 302 678897
171 1 980284
171 730 696210
656 525 595257
725 21 679336
492 457 567107
492 744 345479
996 249 373095
628 686 154144
605 308 31718
525 896 159912
525 670 272895
457 766 815374
744 886 170195
249 512 82666
686 291 772855
686 363 291291
686 916 305592
670 535 282695
670 945 893842
886 822 748372
886 192 250525
916 929 54990
916 954 870195
945 729 746000
822 702 335735
192 175 720068
192 207 615682
954 761 324286
175 57 179043
207 122 386419
207 635 944401
207 869 928209
761 252 482012
869 158 569913
252 153 876069
252 206 273933
252 32 839788
252 534 884854
158 956 946377
206 934 942472
32 585 521369
32 318 372545
534 616 194863
534 3 704613
534 924 316537
534 990 608880
956 524 350817
934 264 812149
934 919 310135
585 243 435407
585 791 582782
585 298 424140
585 930 190815
318 533 173592
318 981 432561
3 319 525369
3 868 564798
924 451 200863
990 373 544673
990 394 536301
524 453 50673
264 93 883821
791 355 867979
791 717 583956
298 56 846621
298 421 487687
298 414 724943
930 539 478171
533 325 539320
533 293 417803
981 722 506093
981 989 801832
319 857 493375
868 442 530251
451 108 431799
373 532 182195
394 120 439822
394 417 641022
453 26 859643
453 582 899580
355 267 497848
56 407 212416
414 280 212125
414 450 76776
414 531 172355
539 687 745180
293 408 308450
989 470 102671
989 950 802680
417 86 360432
417 552 712551
417 310 881453
582 223 207561
582 901 387705
267 599 365924
267 602 415265
267 479 628039
407 177 737129
280 441 563546
531 977 431356
687 574 220466
552 33 122933
552 276 162135
552 488 372403
552 737 488416
310 763 568105
479 637 10610
977 253 551738
574 983 701288
488 454 391659
737 715 57997
763 854 312976
253 474 530932
715 131 104081
715 839 705245
854 72 257647
474 312 800917
312 783 392340
783 97 947067
783 844 751256
844 224 478546
844 389 907110
844 221 110598
844 374 866896
389 720 576590
389 225 530459
389 884 272094
221 183 779001
374 821 551191
720 692 430723
225 661 407035
884 736 461414
183 338 469696
821 593 745488
821 820 148290
661 73 349409
661 753 579387
338 663 871949
820 592 403254
820 59 975746
73 583 148404
663 875 277543
59 757 332294
59 899 757690
583 233 904211
875 909 728368
899 11 744582
899 706 783756
909 853 525269
706 969 466669
853 203 190162
969 48 202637
203 184 986509
48 404 99745
184 750 214462
184 921 186123
404 181 167194
404 427 628625
750 281 723745
750 902 105206
921 545 755386
921 784 214929
181 218 477876
181 248 294814
427 809 427464
281 608 133184
902 615 660076
545 669 742654
784 132 375112
809 696 834755
156
