1000 192
0 654 367028
0 932 77604
654 529 620735
654 599 108300
932 104 507598
599 220 279313
104 387 871839
104 439 68046
104 513 625329
220 842 441344
513 71 786506
842 198 988847
71 710 376911
71 716 633222
71 623 974547
71 652 487437
710 575 836789
623 454 404466
652 178 453642
575 48 799304
454 219 25620
178 233 384496
219 550 694486
219 312 470868
233 441 15911
550 775 459962
312 912 682206
312 977 826386
441 631 853544
441 328 395363
631 942 608610
328 664 163168
328 394 768100
942 424 149702
942 769 754816
942 530 701213
664 217 535446
664 726 80297
664 58 620870
664 96 624018
664 905 591120
394 24 858386
394 836 409216
394 947 850119
424 483 679751
769 900 210513
530 545 680637
530 276 300614
58 729 276448
96 369 986918
96 776 327415
96 274 127908
24 150 775853
24 407 895244
836 949 253448
947 935 368099
947 47 46760
483 597 330225
545 737 853559
276 287 163327
274 203 280567
150 700 895394
407 289 966770
407 893 264316
949 268 548637
47 163 355463
597 431 245498
737 683 494425
287 627 477791
203 121 349837
203 651 227063
268 541 783136
163 17 363006
163 997 668074
163 73 626503
431 770 986134
627 321 269370
651 69 75404
651 697 98867
541 750 456663
17 646 707191
17 511 481791
997 286 819997
997 781 432888
73 904 278051
73 43 912183
321 894 528492
321 398 485527
697 588 394365
697 891 341721
750 539 376516
511 256 548143
286 566 114740
781 248 483803
781 704 437183
904 823 677162
43 81 941148
894 862 402261
894 426 141940
398 668 455694
256 214 800910
566 52 845129
704 546 29515
81 549 432284
81 854 507555
81 760 140171
426 863 290334
668 99 213178
668 686 556321
668 934 318208
214 581 441417
52 462 867720
52 979 386580
546 986 58034
549 731 303668
549 186 118364
854 346 143028
760 316 132943
99 180 896304
686 5 916259
686 66 524115
686 948 696292
934 657 435948
934 906 860126
581 608 697999
462 806 929009
986 313 874652
186 353 882530
346 222 194973
346 433 341583
346 908 710147
346 601 598966
316 188 72838
180 738 433207
5 20 160809
66 403 733082
948 450 210002
948 890 434458
948 467 385298
657 594 467659
657 598 342511
906 647 199182
608 443 354646
608 621 871904
608 761 617288
353 436 205458
353 41 625232
353 225 861865
908 494 250281
601 261 803776
188 315 864894
188 927 551251
188 995 914279
188 241 863197
738 360 179959
738 884 847915
403 148 116916
890 42 142619
467 866 168523
598 252 682670
647 383 706398
443 299 981315
761 828 684792
761 871 350158
436 574 703516
41 493 637383
41 830 633170
41 889 181226
225 989 884485
261 931 70700
261 29 761760
315 847 105853
315 703 205311
241 785 422156
360 807 694564
884 563 845807
42 524 243368
866 183 462126
866 681 303814
866 974 192259
383 634 95702
383 338 145365
889 523 532534
989 197 34660
989 858 617261
931 320 314560
29 7 562264
847 182 157470
703 485 963727
703 595 287010
703 921 800541
785 452 44587
785 22 13687
785 264 804711
563 89 101704
563 162 19598
634 672 840544
338 897 226998
338 969 976827
523 120 471716
523 801 825486
858 429 933866
858 798 41212
320 215 292242
7 471 891329
485 122 282685
485 39 83636
485 790 510557
595 421 951434
595 723 196661
452 12 78092
22 572 188478
264 83 481037
264 472 840728
264 492 792692
264 765 9655
897 993 977130
969 267 702493
120 788 530926
798 84 635263
215 106 416392
471 243 382856
471 787 784804
471 79 490233
39 139 378531
790 351 38743
790 671 743139
790 536 37401
421 714 30378
723 881 943565
83 365 652554
83 448 244332
765 706 128404
765 815 44133
765 331 351929
765 67 101788
993 202 982635
993 558 232481
993 586 713692
267 339 647793
267 944 121156
267 707 245310
84 791 96082
106 711 636905
106 237 497025
243 445 182505
243 559 484683
787 564 488776
79 952 894090
139 817 708487
536 31 740968
706 470 144790
331 298 935589
331 282 921794
67 44 53475
67 999 898157
586 21 333873
944 764 148155
707 358 966108
707 259 750874
791 610 915370
711 340 16980
237 963 835267
445 411 192623
559 364 192692
564 293 696888
952 996 445956
31 848 410612
470 384 167301
298 330 523559
282 665 756588
282 874 351961
282 925 275670
44 639 580038
999 133 924670
21 422 768158
21 446 414312
358 528 134122
358 865 167916
259 620 604316
259 982 507354
259 811 947807
610 849 334058
340 64 892933
411 75 998808
364 6 153436
293 63 543576
293 193 182806
996 694 64102
996 579 323572
639 741 245478
639 491 373382
133 551 323933
865 105 485471
865 779 912660
982 356 145179
811 590 473426
849 149 599903
849 253 288718
75 432 462595
6 357 917329
63 637 60672
193 987 909284
579 917 230045
491 526 143284
491 748 273689
551 30 523436
105 292 280812
105 415 733231
779 9 735744
779 936 792850
356 147 188143
356 423 169571
356 946 227064
590 192 237708
253 380 949638
253 262 736695
253 834 85608
637 60 51721
917 354 376111
917 786 413518
917 190 723805
526 49 312612
748 593 564029
748 780 273538
30 1 4754
30 611 750614
30 844 414635
936 322 718308
946 613 543865
192 880 77872
192 393 48425
192 111 965503
192 310 593165
262 226 467869
834 170 963997
834 978 734120
834 808 295556
190 269 320981
593 661 864318
593 772 614246
780 680 737360
780 142 611182
322 810 781267
613 992 468515
393 715 976618
111 895 225479
111 878 222254
310 771 694933
310 576 28655
226 691 471643
978 13 48038
978 832 880730
808 966 34649
269 244 444042
269 137 489650
142 919 215861
992 930 582965
715 924 403338
878 221 829932
878 677 853366
771 323 733240
771 850 636168
576 213 827344
576 4 963774
691 228 198483
691 167 849964
691 216 286772
13 624 738256
13 751 700399
13 805 699465
966 626 493445
966 505 494176
966 184 335492
137 50 256166
137 767 780130
919 317 118767
919 964 104487
930 347 823076
930 489 264199
930 684 740828
930 272 900987
221 758 226083
677 205 198380
677 208 441260
677 257 407888
323 379 48574
850 644 732645
213 376 280207
213 719 908789
4 271 785224
4 348 545528
4 82 629464
228 655 793007
167 643 389448
216 425 244174
216 434 481321
216 447 625231
216 909 309153
624 70 286444
505 116 831070
505 319 833749
184 856 8411
767 480 169914
767 161 148657
489 153 2707
272 728 303152
758 709 197029
208 194 294378
257 953 517917
644 501 376400
644 628 39199
719 938 858084
348 187 880335
82 404 655810
82 818 437545
643 682 760651
643 855 758263
643 887 563562
643 519 566284
643 591 556115
434 555 358491
447 527 106108
447 940 608963
909 556 797962
909 911 210122
909 958 266771
909 965 774279
909 983 595679
319 249 43927
856 56 64592
856 160 818172
480 143 127510
161 971 634784
153 112 123704
709 468 240013
501 517 873648
628 783 141015
938 479 643161
404 123 287208
404 239 865921
818 951 266632
818 157 555929
682 648 161501
855 531 62173
887 635 642855
519 206 110583
519 78 973258
519 950 659730
591 59 575714
591 972 49418
555 254 233918
527 632 167438
940 61 308092
958 813 963763
965 656 421699
983 234 810502
249 297 755928
160 115 611324
143 515 674833
143 812 661934
143 861 315159
971 749 298888
112 525 13306
112 535 778415
517 76 600114
783 128 830627
783 309 570637
951 189 973909
951 725 117580
157 689 217089
157 981 211839
157 514 522830
78 554 230829
972 57 271930
254 698 433281
254 615 273534
61 134 442343
656 395 103848
297 33 340115
297 705 930556
115 218 459723
115 617 973690
515 886 902866
812 413 65210
812 926 473717
861 275 404564
861 288 693841
861 759 995402
749 86 14782
535 294 639026
76 195 982042
76 819 477234
128 435 738645
128 506 815110
309 91 553502
309 168 388273
309 366 169020
309 792 79666
309 988 978996
189 15 636664
725 304 669787
981 440 865610
514 928 544466
554 227 495360
57 25 306181
615 199 937092
615 722 952695
134 473 580212
134 929 73132
395 285 814830
617 65 875911
617 557 391952
617 727 612731
617 885 578664
617 62 821422
617 690 253290
759 976 78327
86 416 513135
294 509 131375
195 314 313677
819 753 948405
819 169 525619
506 245 699573
506 663 122352
168 374 803271
366 420 956445
440 484 188939
440 740 868879
928 867 938459
928 152 147591
227 602 779554
227 822 684865
227 582 252531
199 55 360826
722 179 71888
722 688 303622
722 670 950064
722 596 191680
722 826 234866
473 345 328838
285 399 52793
885 510 529410
62 177 917687
62 968 19981
690 852 986515
416 984 49733
509 352 645706
314 869 951725
169 291 896692
169 872 761129
663 401 300980
740 118 798532
867 165 844307
867 474 314738
152 840 796862
152 255 633851
602 19 987087
602 475 538755
582 266 552302
55 359 686822
55 736 304675
670 16 272313
670 837 737308
596 307 998113
596 662 661473
826 922 354943
510 920 307682
177 164 230411
177 2 554133
852 868 748263
984 318 497654
352 638 695032
401 625 578795
118 389 473958
118 820 249421
255 784 544158
266 232 415284
359 463 317955
736 490 153221
16 40 385076
307 538 138334
662 223 421818
662 414 290849
922 502 822252
922 743 967356
920 821 378784
164 609 71119
164 851 437754
2 903 336453
868 877 248602
820 547 416983
784 970 594987
784 14 316059
232 136 99733
232 692 745546
463 54 423467
463 495 932824
490 561 326167
40 412 210898
538 201 284107
538 102 587076
414 902 437883
502 742 625373
609 23 598211
851 507 616872
851 744 77675
903 458 119564
903 151 570926
877 580 101545
877 585 572945
877 660 538654
970 838 565119
970 782 61088
14 265 942651
692 873 188414
692 896 725909
692 341 281570
54 367 62116
412 3 414584
102 110 86934
102 859 285799
902 757 701414
507 803 932522
744 308 830610
744 301 594765
151 405 997985
151 465 397786
660 864 284198
660 879 799603
782 355 754881
782 108 585572
782 238 208230
265 430 265700
873 117 346457
896 482 984235
341 370 112343
341 718 358499
367 406 283615
757 739 373471
803 444 880330
301 730 398808
465 109 525216
465 300 35072
465 796 531203
465 937 552842
864 553 852220
864 240 803728
879 333 830946
355 51 446358
108 747 381437
108 641 8928
238 392 575386
430 138 37720
430 717 255244
370 630 647729
718 173 748996
718 733 40715
718 34 864633
739 302 682783
730 696 839544
730 281 134282
109 140 440045
109 210 971193
300 497 322056
796 642 345010
937 419 105500
553 85 834473
240 114 851728
240 68 385346
240 794 869657
333 583 884120
51 674 138892
641 918 652169
392 181 252353
392 720 354517
138 280 134935
138 735 617703
717 916 662197
630 659 994196
173 584 192985
733 449 12789
34 658 694091
34 945 30350
302 92 11470
696 708 90643
281 428 915619
642 74 608739
642 273 624724
419 943 644775
419 567 348060
114 388 911448
68 569 55733
794 833 51901
794 437 881033
794 410 175941
583 132 467103
583 522 987398
918 230 195747
918 46 790127
181 166 444914
720 397 306530
720 619 656001
735 466 183679
735 80 316929
916 778 61606
916 231 253704
584 673 60676
449 457 836675
449 336 719404
658 732 150854
92 270 323871
428 746 194625
567 97 543721
567 603 428946
437 329 896443
437 499 369482
437 860 40949
410 442 467951
410 28 601321
522 496 98121
230 693 436598
46 640 121732
46 258 280463
46 375 191766
166 774 548214
166 396 86231
166 957 113157
397 37 289801
397 247 191326
397 344 682050
619 337 66608
466 478 591082
80 616 443571
778 745 82982
231 175 263072
231 438 487021
231 888 751494
457 831 435314
336 899 200432
732 38 341470
732 605 67811
732 158 486890
270 378 193629
746 839 379431
97 385 862847
603 107 946462
329 209 903497
28 155 782686
28 400 826220
28 295 718785
496 560 317023
496 600 683544
640 573 953892
258 306 89733
258 464 403584
375 278 205197
396 125 422980
396 296 694028
396 481 988422
957 303 951028
957 835 981645
957 334 315399
957 898 952391
247 90 243601
344 113 195086
344 283 416708
337 537 895911
337 87 660098
616 236 125054
616 263 188080
438 809 600090
888 382 147645
605 368 143666
158 797 412600
385 145 720180
107 500 963874
107 857 393440
107 939 424872
295 882 40830
560 676 461230
600 562 124325
600 565 308653
306 756 158592
464 32 970399
464 324 840127
278 827 510192
278 88 487440
296 391 981157
481 174 899771
481 571 591303
481 516 678188
835 191 33446
334 508 183497
898 159 376632
898 754 675461
283 789 996151
537 915 485033
87 361 729906
87 402 341668
263 734 364700
809 342 689871
809 721 176247
809 961 351015
382 985 187704
382 212 263081
797 408 740166
145 841 921186
939 960 304577
882 685 167633
676 141 529693
676 154 743442
676 196 255245
676 941 602755
562 503 557057
562 469 95740
562 816 518053
565 126 376725
756 100 895296
324 913 367164
827 814 594952
88 487 354497
391 542 537702
391 543 377168
174 251 826803
571 533 305011
571 540 445503
516 824 136049
191 377 278838
508 845 788601
361 532 571848
402 135 995053
402 520 15
721 587 168746
212 498 102234
408 36 599950
841 26 700082
960 568 968052
941 461 640558
469 98 707743
126 156 630271
487 962 705481
543 544 848415
377 390 701489
532 762 126793
532 933 364639
532 956 737438
135 592 922061
135 131 318377
520 325 591637
498 853 945140
498 901 504762
498 53 292388
36 242 293502
461 777 614352
98 204 933171
156 277 328713
156 518 966662
156 773 766446
962 372 610731
544 343 609979
933 144 484032
956 512 772536
131 119 515497
131 883 134436
131 967 711908
325 990 505916
901 666 204173
53 793 205067
777 607 887091
777 636 644183
777 752 704743
777 172 347424
204 305 470812
204 645 719548
518 284 183646
773 93 979803
773 326 136958
773 959 31534
773 678 795893
372 712 400050
372 766 911512
343 77 655437
883 95 965269
666 371 13385
666 207 429524
666 973 420151
793 235 104764
607 260 740283
636 649 373553
172 923 629368
305 200 475953
305 211 334808
284 604 740380
284 363 433638
678 991 811540
766 417 685265
766 332 97693
766 802 682586
77 171 958531
77 327 655174
207 804 775909
207 504 149062
235 955 414379
649 27 616887
649 311 734706
363 101 629367
363 633 300758
363 687 767955
332 409 716040
332 606 879287
802 246 719640
802 279 237282
504 552 834355
504 875 926151
955 892 923039
955 578 549652
101 8 982929
101 103 282442
409 124 715287
409 476 977572
552 72 908175
552 675 447371
552 825 987186
578 570 520099
578 176 631838
675 713 975900
176 695 663245
176 488 552233
695 127 565543
695 800 132334
488 846 408933
127 10 512401
127 11 83230
800 250 411718
846 130 846254
846 669 421615
10 229 890880
11 451 772575
669 460 818661
669 486 197294
669 843 161701
669 980 397207
669 589 598833
486 755 373807
843 349 842230
589 768 506925
589 799 889380
589 418 123729
755 629 884147
349 18 199568
418 618 136731
418 45 700631
629 622 419953
618 612 650387
45 954 214065
45 998 947498
622 699 481173
612 870 260117
954 146 468681
954 224 448334
954 350 541356
699 724 170366
870 455 882570
870 876 415937
146 459 520081
224 702 175630
350 975 772997
455 477 529373
876 386 368333
876 427 237213
702 679 869082
975 994 307966
427 521 185951
427 667 394827
994 185 226607
521 795 200692
667 335 364256
667 94 833612
335 290 518982
335 910 684460
94 829 917113
94 907 446207
94 614 714993
290 362 586620
290 577 549917
910 650 493821
614 701 341094
614 381 347088
362 453 809550
362 534 714712
650 129 581123
650 763 503818
701 653 673192
381 456 236446
381 914 525637
129 35 893070
653 548 958761
35 373 100399
804 572 635 244 807 288 990 685 973 37 945 633 380 895 345 479 140 26 907 23 292 317 122 872 60 845 18 874 280 373 961 413 147 611 205 734 991 201 815 252 429 478 218 38 202 456 995 751 475 279 200 724 830 234 12 531 588 308 271 222 853 561 848 789 661 881 558 65 822 399 379 775 175 148 708 814 665 229 929 303 299 291 400 459 435 311 59 592 980 236 987 860 376 899 162 964 963 540 817 439 998 500 458 144 646 698 448 103 223 731 368 679 925 493 251 446 859 179 824 318 626 943 927 813 921 347 741 433 574 117 529 472 580 425 492 792 406 645 374 539 891 799 625 606 747 926 568 124 763 570 386 450 632 239 354 674 754 979 585 557 423 170 693 132 764 752 149 893 863 183 959 728 497 659 444 727 27 3 313 159 977 806 494 547 154 825 422 89 330 587 726 171
