1000 367
0 500 484894
500 414 84590
414 712 868443
712 716 223749
712 244 595902
716 607 514564
716 971 367103
244 459 705100
607 108 918083
971 348 237857
459 571 549530
571 96 703193
96 21 268651
96 457 375977
96 242 640666
242 186 118364
242 393 435696
242 552 627429
393 132 101256
393 281 710359
552 163 703061
132 420 511948
132 943 980466
281 671 887644
281 987 673564
163 656 953762
163 687 502406
163 829 200412
163 948 83872
163 718 39833
943 382 372305
671 646 887940
987 879 781547
687 282 155314
687 805 931064
829 130 886319
948 453 253370
948 857 177935
718 68 708698
718 564 562990
718 255 103004
382 928 876399
879 496 299837
879 514 109714
879 538 875848
879 832 214887
879 185 243594
282 640 477320
130 121 657326
453 668 531363
857 28 981913
857 925 463709
68 310 650297
564 468 357991
564 104 770323
255 399 571190
255 628 460375
255 702 82201
255 641 654185
255 881 748386
928 354 544179
928 358 378524
928 645 722620
928 569 463173
496 187 620376
514 264 104226
185 904 79978
640 706 339633
121 809 834192
104 324 584821
104 299 397199
104 893 180607
104 946 127402
628 52 35388
702 704 684064
702 438 583615
641 493 783291
881 212 886122
881 373 382769
645 765 175706
569 764 706112
706 3 8188
324 770 78420
299 535 385846
299 444 75805
893 337 10915
893 439 161422
946 398 70724
946 683 252944
438 274 331800
493 160 739286
493 124 759517
373 140 492481
373 732 836078
764 290 930279
764 958 319536
444 774 916984
444 34 750109
439 196 195175
683 605 202539
683 194 320450
274 767 73110
160 237 368202
124 526 139353
124 756 93598
124 874 246109
140 42 179983
732 985 369166
732 133 674552
290 661 390733
958 947 647523
34 356 54902
34 695 5866
196 464 118064
194 614 724406
767 582 341483
767 412 487384
237 501 241759
237 727 415429
756 498 382395
874 565 304542
874 901 936344
133 18 815100
133 330 5487
661 475 506827
661 476 781995
947 763 428892
947 219 535718
356 597 954304
695 701 530913
695 823 877515
582 94 663741
412 773 674301
412 842 235936
501 485 575800
498 523 946664
498 883 567129
565 506 883767
901 177 955402
330 218 474509
476 317 625090
476 919 175399
763 486 690345
763 636 978025
219 778 139298
597 472 520959
597 436 101077
701 153 726873
94 945 307888
773 798 171835
842 570 178600
842 166 865125
485 715 281683
523 561 214921
883 524 41843
883 806 671855
883 755 898806
506 234 790212
506 176 187500
177 915 522051
218 184 237863
218 621 78415
472 275 292346
436 789 526736
945 77 654037
798 403 883982
798 911 258645
570 586 197637
166 366 505310
561 87 749905
755 401 147420
176 482 433751
176 959 112980
915 12 930995
915 183 364689
621 61 590786
621 680 181413
621 999 916017
275 424 99523
77 834 992123
77 938 362449
403 248 649554
911 143 183517
911 298 628376
911 596 365518
366 966 327547
401 333 767214
401 954 181353
959 397 108604
12 239 751042
12 241 671158
183 258 597476
183 884 690897
999 490 253316
938 518 796888
938 126 22934
938 903 128704
143 224 569299
966 82 431569
966 442 609166
954 423 956317
397 694 41084
397 1 63390
239 723 811166
241 65 707189
258 700 999346
884 387 643452
490 48 138132
490 35 470920
518 394 544963
518 396 192290
518 340 559655
126 609 728886
126 555 445026
126 876 166687
903 388 333050
82 135 113221
82 432 882031
442 676 46362
442 719 571952
442 474 221196
423 502 50246
1 735 144836
1 181 863910
1 378 477574
65 606 114694
65 481 263987
65 837 809591
700 145 444844
700 944 75192
387 107 286592
387 635 878522
35 386 686371
35 421 13077
340 175 669758
340 743 93573
555 684 86533
432 843 56882
719 951 426393
474 368 421271
502 512 777337
181 590 129806
378 473 801819
378 33 532134
481 872 750178
837 349 323727
837 545 633399
837 931 700301
837 346 922204
107 860 480256
635 426 643666
635 5 758894
635 991 119624
743 461 434143
743 760 682148
684 195 647926
684 588 319515
368 151 568752
590 246 998667
590 750 803038
473 273 248926
473 724 58274
473 574 569063
33 27 380602
872 642 740662
349 45 217894
346 99 185211
860 188 596353
426 311 695043
426 814 237866
5 505 912670
5 856 541972
991 580 488606
461 325 53811
588 725 133455
151 389 24359
151 746 679959
151 360 289697
273 652 742257
724 162 369249
574 425 467820
574 156 664130
27 116 716518
27 280 456988
27 553 156904
27 146 261783
642 693 957299
642 720 238949
642 784 118447
99 209 58560
99 992 318197
188 658 412445
505 935 119990
856 554 603865
580 154 201336
325 537 344292
725 595 576842
360 619 361659
360 758 846595
162 200 453327
162 159 614243
425 320 455677
425 306 851259
156 986 253716
553 717 865189
553 787 110700
146 914 290390
146 871 65357
209 429 986404
209 236 244077
992 504 684585
992 66 411768
658 383 204389
935 249 322034
554 329 450290
554 217 996549
154 516 736369
154 637 515299
154 873 279553
154 208 405274
537 277 877324
619 921 560641
758 265 657794
758 379 418021
200 51 194777
200 123 430109
159 8 116349
320 29 970150
306 270 268831
306 748 220508
306 896 356878
787 978 153861
914 46 52453
871 742 93885
871 894 227635
429 572 136643
236 975 27108
236 413 488368
236 50 623052
504 446 469050
66 391 387061
383 670 751250
249 300 918518
249 491 22254
249 655 319223
329 315 99327
217 269 880000
637 777 180530
637 615 108873
873 576 564061
873 484 954048
873 259 938559
873 980 26895
208 666 319396
921 233 232898
921 933 790015
921 816 678399
921 304 170061
265 703 783935
265 345 203445
379 198 246764
123 483 305355
123 660 183312
8 984 775007
29 685 621533
29 776 522853
29 659 101730
978 20 348697
46 745 55901
894 922 830143
894 563 781101
413 451 468476
50 963 394714
50 747 140975
446 43 221890
391 929 231891
391 803 12206
655 416 465783
315 428 611090
269 71 917457
269 170 827506
269 406 124431
777 192 749087
777 228 350640
615 937 175568
615 74 524478
484 730 649878
259 932 402854
666 678 744080
816 936 362485
304 835 630125
304 967 372945
703 868 525305
345 862 228516
198 272 690650
483 139 304854
660 202 191541
660 698 791218
685 137 576581
776 434 211219
776 654 260554
659 631 12743
659 845 462761
20 206 971736
20 688 631547
563 318 534563
563 583 330283
451 326 200060
451 913 592275
963 847 452636
747 503 579190
747 144 464247
43 60 716478
929 95 638674
929 622 717324
803 831 205627
416 627 702777
416 508 578008
428 100 220504
428 37 343349
406 165 339588
406 178 383749
228 271 779095
937 734 38454
74 733 821595
74 953 994712
678 757 737596
678 292 424194
936 677 732703
835 286 678675
967 790 734527
967 982 359073
862 103 429792
862 867 185940
862 240 846600
272 294 4288
272 509 327912
272 841 270010
272 365 933699
139 447 569294
698 589 96151
698 30 584348
631 78 497025
631 630 430684
845 577 730541
845 331 793840
318 858 422087
583 462 491224
913 663 654411
144 543 816385
144 182 42892
60 10 966517
60 513 753498
60 616 48156
95 791 760395
622 36 560010
831 466 706248
831 551 164512
627 612 108780
508 795 6383
508 910 270446
100 31 25433
100 751 200666
37 385 160682
178 854 661483
178 870 234652
178 940 345233
271 762 200426
734 541 612666
733 309 157787
733 338 124760
733 729 701866
757 147 629780
292 898 319679
292 611 631405
286 16 352129
790 408 164023
790 864 757089
982 768 134934
240 863 91816
240 866 567948
240 908 227245
365 191 798552
365 664 550762
365 995 295327
30 639 67324
630 359 976570
577 75 181326
331 520 172613
331 492 20490
462 291 547398
663 950 931022
182 707 40732
616 710 736715
616 892 712417
36 981 784252
551 877 397231
551 522 719649
795 799 737949
910 190 24743
385 410 337771
385 713 800931
385 174 38540
854 633 623923
870 882 417935
870 807 540896
940 970 570800
762 679 680232
611 180 733595
16 811 878929
408 117 1131
768 53 101727
866 546 389278
995 801 549796
995 869 618093
639 157 957087
639 815 197778
639 957 750670
492 608 756317
291 669 434162
291 994 119313
950 173 151359
950 840 465039
950 988 223011
707 855 767268
710 852 332057
522 785 180403
799 404 496471
190 339 622266
410 189 350414
174 618 609178
174 651 852442
807 634 384275
679 222 632425
679 411 279446
180 592 802945
180 897 862324
811 692 998314
811 977 963101
53 797 936048
546 152 539046
546 417 211545
801 261 849313
869 158 626478
608 540 335497
994 478 821088
994 285 865993
840 810 672475
840 905 7099
988 833 629975
988 941 881928
855 201 308239
855 210 774848
855 220 183193
855 827 139297
785 800 266824
785 865 975211
189 62 748509
189 252 478913
189 253 867112
651 885 218368
634 813 183029
634 956 166139
222 267 244957
592 47 846545
897 510 790923
692 891 448814
977 804 412790
977 649 535029
478 213 294198
478 301 714238
285 112 570999
285 376 729457
810 437 539949
905 477 840940
941 40 897188
941 216 839511
941 786 920767
941 98 690991
210 101 457664
827 566 373493
827 682 116102
827 127 330631
800 303 356851
800 906 948584
865 836 84519
865 488 204871
885 850 307396
885 918 293256
956 761 294045
47 11 111162
510 278 438677
891 84 874206
649 15 411890
649 361 640832
649 822 657971
301 549 419069
376 657 342799
786 598 317271
98 530 126286
127 395 133937
488 355 817527
488 968 197718
488 749 625231
918 91 168335
761 167 604992
278 900 214209
361 223 203372
530 276 844202
395 536 557290
355 79 164264
749 996 836997
91 142 132124
167 256 966739
900 709 725955
223 741 843965
276 114 326160
536 796 313129
536 89 266825
536 955 337889
996 440 813980
142 41 104465
256 63 632683
709 740 664781
709 59 245446
741 431 510119
114 287 191618
89 632 8955
89 638 193788
955 644 585659
955 952 417507
63 559 43039
740 22 747647
59 102 655582
287 314 237936
632 23 64185
632 119 827004
638 226 961451
638 844 150084
638 452 196636
644 83 164222
644 148 86919
952 902 405541
559 455 978305
559 754 642010
22 557 814663
22 44 618549
22 80 2972
102 14 725849
102 839 287387
314 295 539371
314 293 352781
226 266 847356
452 934 609303
452 665 383712
902 456 657831
902 603 465954
455 169 488526
754 560 585951
557 327 880964
44 759 268582
44 316 271112
80 917 708718
14 120 53859
14 334 377431
839 826 618744
839 400 176225
295 199 695821
293 573 774002
934 76 290173
934 722 394445
665 161 654524
665 24 196168
665 974 413861
603 848 170126
603 846 887688
603 979 301338
603 600 55674
759 38 659923
316 578 819477
316 788 599468
917 939 97378
334 849 361120
826 533 399773
400 257 732520
573 960 295096
76 319 321198
722 731 951418
722 780 825252
24 179 79571
974 519 75642
846 221 274904
846 377 529866
846 405 199777
979 419 536481
600 927 17364
600 949 672030
600 247 904383
38 653 873287
38 690 767913
788 662 966054
939 675 522492
533 238 719225
257 623 898159
960 402 845633
960 495 210409
780 812 253381
179 235 188554
519 744 704922
377 736 473235
405 445 838330
405 245 812708
405 469 851280
419 214 104820
927 599 354452
247 313 18749
247 531 92012
662 487 183946
675 625 307938
623 650 685263
623 517 152568
623 489 109527
402 321 893217
495 363 610539
812 344 405508
736 347 831208
736 890 153593
445 243 224504
245 924 534954
469 562 946946
214 92 996905
214 352 111606
599 544 988683
599 802 373227
599 343 356789
313 585 476297
531 328 663663
531 930 994095
531 990 196762
487 584 350800
625 567 678915
650 527 325284
517 821 299211
489 617 729829
321 392 903271
321 820 249594
321 479 951000
363 435 106533
363 861 842212
347 332 936789
347 528 249421
890 672 750796
243 110 550206
243 737 823967
924 534 641118
562 25 877137
562 969 562505
92 230 210970
544 769 161762
802 594 301540
343 450 303217
328 887 88283
990 681 663466
584 427 833195
567 989 962904
527 381 228902
821 972 224424
617 369 342711
479 824 371736
861 262 831871
534 942 907564
594 268 620243
594 766 890180
450 550 493472
887 305 858520
427 899 60934
989 463 413150
381 312 256418
381 548 701073
972 67 91911
972 128 272403
972 288 524718
369 591 932937
262 782 506913
550 56 162619
550 118 588304
463 851 666116
463 895 976518
312 207 786715
288 131 590601
591 515 406052
591 441 705128
591 998 424173
782 193 283261
56 323 646415
118 781 771684
851 525 860313
895 54 235150
895 532 234903
207 105 163425
131 57 866136
131 817 924304
131 875 700803
131 251 316386
515 521 554162
515 283 321907
441 507 680770
441 115 641772
441 454 199712
193 122 22381
781 205 993530
781 859 765861
57 465 646519
57 602 388146
57 197 75901
817 109 22893
251 370 133102
251 853 924560
251 771 701672
283 2 854958
115 794 341248
454 72 654497
454 587 88563
122 289 922263
859 58 272818
859 916 395459
465 624 162096
602 673 755542
197 699 221610
370 697 842594
771 4 649409
2 880 512860
72 90 309879
72 443 436752
72 19 58006
72 983 896191
72 779 315101
587 364 665556
587 384 835091
289 351 250051
58 141 42734
697 407 226426
4 878 94124
443 17 130600
19 961 287042
983 32 738348
779 215 42195
779 49 231268
364 470 228000
384 136 784422
384 529 850317
351 604 186490
351 772 438996
141 155 922939
407 125 479697
407 422 717256
878 367 969988
32 232 465703
32 923 19579
49 647 162552
470 907 205172
136 415 354279
136 828 874994
529 350 815828
772 448 186544
155 335 981784
155 97 965323
422 336 417367
232 808 165642
923 39 796275
647 613 758162
828 390 548258
828 964 611833
350 227 130394
97 372 874288
336 825 388912
39 229 514272
39 499 209345
613 689 17184
613 172 565707
613 726 471610
390 357 847308
964 134 907493
227 297 785282
227 579 484218
229 129 121943
499 9 791491
172 471 350039
726 88 12605
726 511 960143
357 231 907670
357 626 506058
134 728 669516
134 149 173146
297 409 127333
579 997 811626
129 70 672053
471 629 910444
511 783 828753
511 920 477083
231 547 547879
728 342 726231
149 418 681221
149 203 594542
149 912 55018
629 696 768772
629 430 312383
783 341 719065
783 775 521203
920 739 550322
920 113 293368
920 962 309054
920 539 982950
920 976 260465
920 81 307573
203 686 297036
696 308 841167
430 542 423633
341 620 653353
775 753 810998
775 250 862990
113 254 44965
962 150 476476
962 371 529335
962 374 842410
539 204 65519
539 965 857832
81 558 678646
81 973 626348
686 818 966824
542 433 928664
620 593 604636
753 85 713104
250 830 688435
254 889 77940
374 296 52404
204 467 656819
973 792 533829
973 926 727336
973 838 997386
433 886 349971
593 667 844676
85 494 445700
85 380 434734
467 138 96414
467 362 894100
792 6 931100
926 353 677496
838 793 351954
838 284 949070
886 888 383334
667 714 107811
667 106 582605
494 164 172313
380 458 698815
380 568 194631
362 643 828921
353 752 154865
793 69 448348
793 708 970465
284 556 795050
284 648 871533
284 13 38206
284 993 946315
888 575 351271
106 581 415866
164 93 427560
458 260 686236
752 7 631400
752 705 507917
708 674 884826
648 480 178574
13 171 32364
13 691 499673
13 322 158066
13 909 431493
993 819 370275
581 263 580938
581 721 746616
260 497 151856
705 601 802164
705 307 534217
480 26 532901
480 449 109402
691 279 910447
691 86 544534
322 711 142421
322 738 272967
497 168 526484
307 610 941767
86 64 597265
86 302 272823
738 111 275317
168 375 350812
168 460 124980
302 73 232504
302 211 197748
111 225 803626
460 55 51482
822 784 863 359 853 358 116 62 765 880 568 486 409 535 980 850 108 922 477 48 277 394 348 832 976 342 942 6 112 145 199 120 585 52 737 411 688 71 520 931 609 513 690 215 165 31 187 491 234 673 415 15 998 932 809 560 957 944 657 88 268 67 904 173 23 636 720 216 83 192 770 26 965 375 153 525 169 51 303 618 55 389 633 670 909 876 541 912 610 475 867 3 681 612 744 823 404 524 371 723 997 714 211 545 296 137 825 576 10 543 556 875 69 448 794 711 147 925 135 435 818 248 653 824 420 672 820 206 748 847 975 804 601 512 456 440 205 606 252 225 907 79 84 503 352 398 791 294 238 212 87 90 507 310 575 230 437 509 877 354 224 170 796 338 953 548 119 676 344 751 110 266 253 830 323 750 28 482 532 806 434 9 746 418 745 624 220 298 834 704 421 735 668 805 326 73 335 233 694 652 105 424 157 78 263 677 908 892 457 138 152 985 308 849 626 566 17 339 742 526 689 868 693 392 372 586 11 919 21 128 858 739 386 300 538 836 643 968 201 184 961 431 984 646 109 7 699 261 447 598 682 970 396 769 882 279 235 848 270 656 42 833 664 774 186 464 589 547 337 813 417 614 596 311 388 933 246 731 852 18 213 267 264 399 540 61 45 280 605 191 319 864 766 93 449 949 814 916 41 760 721 40 727 516 195 595 951 669 730 175 819 158 202 715 528 604 841 778 930 317 309 161 815 729 713 148 572 54 843 981 117 64 558 521 150 466 654 25 125 221 327 578 333 171 889 75 898 101 797 899 986 906 969 549 680 808 896 332 468 305 789 844 103 674 367 717 70
