329 82
0 29 312195
0 76 178004
0 276 112834
29 62 308299
276 225 291906
276 75 401460
225 227 637810
75 226 746786
75 57 4668
75 256 607603
227 217 125485
227 23 408249
57 7 874891
256 127 501469
256 254 35073
256 198 161810
23 259 428552
23 326 286487
7 14 314127
7 245 710847
127 214 220324
127 238 755879
254 19 198772
198 54 341759
198 43 658819
14 197 721355
19 94 790973
43 56 78460
43 297 189973
43 311 131142
311 310 17416
310 121 72161
121 13 845563
121 234 181348
13 66 12919
234 325 44233
66 292 589795
325 303 886677
325 150 752077
325 213 332927
150 168 21626
213 280 910580
168 158 923450
168 321 71704
280 167 637212
158 36 617959
158 246 304887
167 211 943928
167 192 712117
167 284 381812
246 184 411507
246 269 533911
246 178 913492
211 24 768369
211 316 457850
192 173 547835
192 135 524794
284 114 555573
269 290 638228
178 111 344206
178 82 825122
178 174 277085
24 188 4423
316 250 946982
135 302 210337
135 41 20771
114 307 777770
114 22 490171
111 152 923458
82 88 476032
82 251 322446
174 239 649630
174 252 227915
174 16 458857
250 263 135384
250 306 412449
302 258 930699
302 154 411112
41 79 770536
307 100 8423
307 319 127997
22 10 876638
88 87 179906
252 185 213713
16 35 738953
16 294 600501
263 46 675177
263 260 567101
154 274 69992
154 298 955681
154 26 438457
79 124 541354
79 193 901897
100 95 172854
319 85 369830
10 140 457211
185 17 426744
185 34 224126
35 90 518841
26 180 347299
26 68 111019
193 50 407057
193 229 691123
95 235 762212
95 293 244608
140 313 840874
34 243 438720
90 129 332974
68 291 439860
229 175 267955
229 104 52755
229 315 923146
235 288 636649
293 210 600212
313 205 212567
129 201 637579
291 130 124373
291 228 199848
291 160 569650
175 98 799971
104 1 227816
104 267 978156
315 70 254146
210 241 780464
205 73 420579
130 181 446216
228 133 550463
160 221 544123
160 20 623791
98 136 187004
1 9 161345
267 182 773555
70 105 590133
73 112 63668
221 172 528797
20 39 229839
105 137 24
105 209 34153
105 109 684008
112 107 522134
112 117 374409
39 42 465720
137 55 54607
209 176 842774
109 283 682970
107 110 166758
117 328 806038
42 28 317210
283 101 255718
283 165 661680
328 32 115595
28 47 832866
28 318 478319
165 171 879659
165 264 853229
32 58 617320
318 189 298675
318 279 124862
171 242 935583
171 296 632043
264 126 921071
264 277 116490
264 320 381594
58 299 630587
279 268 135703
320 60 50979
299 63 745387
299 91 688539
299 159 321034
299 122 989341
91 21 956319
159 97 772477
159 247 915105
122 102 98041
122 249 174107
122 2 870766
247 65 453808
249 93 446688
2 300 265647
65 80 391463
65 141 777297
65 270 515273
300 49 597953
141 151 216980
141 131 383926
270 118 944283
49 230 528740
49 44 994388
49 123 422124
151 134 952997
131 51 128535
131 69 226470
118 33 387122
118 67 759753
44 285 902593
123 187 227809
123 25 629413
69 138 749423
69 59 884507
69 248 739998
67 64 37830
67 166 89801
67 37 909068
187 289 311421
25 183 912874
25 74 595851
59 233 842746
37 207 627595
37 161 47992
289 295 624285
289 272 35480
183 103 128626
74 216 456829
74 89 480369
207 305 535330
161 282 395413
161 324 114274
295 186 728553
272 78 631360
216 8 345434
89 195 972156
89 190 91692
89 257 688994
305 96 681947
305 191 579200
305 199 435728
78 119 618524
78 312 10577
8 61 163427
8 322 214949
190 27 428173
190 265 307467
257 5 201343
257 304 689658
199 149 161195
61 106 435342
61 116 115275
61 48 496858
322 99 753541
304 212 402378
116 71 840906
116 275 556683
48 220 151973
99 38 92376
99 261 355726
99 169 210659
212 236 49174
212 317 527923
275 18 553358
220 147 504298
220 179 577523
169 208 692658
169 139 583113
169 222 374280
236 142 934386
236 163 53437
236 278 758514
317 231 308995
317 327 711613
147 86 298361
179 301 125154
208 194 128219
139 203 322045
139 281 153998
139 120 634352
222 323 426871
278 262 223474
231 223 234028
231 144 454218
327 45 330107
327 308 330730
301 81 999211
301 162 175004
194 206 133929
120 113 456269
120 30 711503
262 83 98363
144 232 309642
308 84 238049
162 309 110350
113 15 352547
113 146 18285
113 255 584484
30 92 199918
30 244 927038
83 145 976661
84 215 262310
92 3 680610
92 273 107410
244 128 565431
244 143 992702
244 164 282871
273 224 974679
273 155 937952
273 253 462538
143 125 475820
164 148 233341
155 237 484861
253 240 346979
253 115 31887
148 53 535676
148 196 968477
240 202 62013
115 77 319891
53 6 259767
196 219 658527
196 271 685780
196 218 845336
202 266 135954
77 287 643984
218 157 946105
157 156 598435
157 52 508921
156 4 43364
156 132 728281
52 200 754646
52 286 471787
200 153 517499
286 72 926794
286 40 270463
153 11 17949
40 12 272400
11 170 908950
12 314 124478
170 31 85967
170 204 56505
314 108 272481
108 177 134657
60 96 56 219 226 189 255 201 248 188 136 86 50 224 197 31 102 146 101 251 282 215 3 177 71 184 324 64 4 277 206 232 181 285 36 138 126 132 239 306 238 265 103 258 18 38 271 180 142 45 214 119 76 203 110 124 128 51 312 288 287 294 261 94 186 297 149 27 230 97 259 233 281 17 274 292 303 176 21 173 298 296
