865 290
0 623 181795
0 672 691818
0 758 689786
672 283 791711
672 842 761054
758 186 236891
842 633 787996
842 2 514014
186 678 303887
186 309 272741
633 68 322712
2 662 476685
678 607 744485
309 203 170768
309 741 223835
309 38 455966
309 519 360890
662 73 490673
203 676 55106
38 757 335121
519 430 93972
519 312 375773
73 476 619773
676 347 22669
430 6 136480
430 536 520455
312 116 306954
536 715 38080
116 149 704271
715 588 954615
715 852 966769
715 514 932685
149 409 275237
149 638 543323
149 436 158134
514 542 572552
514 798 977716
638 793 67934
436 398 624332
436 756 369207
436 764 331791
436 579 480370
542 350 409957
542 391 504276
798 346 75851
798 642 656161
756 552 237698
764 722 812438
764 78 861611
579 432 247616
350 165 494433
391 517 773190
346 727 578786
642 406 66783
642 839 28591
722 79 154063
722 316 163809
722 119 297162
722 348 959573
78 614 200347
432 86 532087
165 162 372665
517 833 999634
727 156 619788
727 593 515855
406 487 147227
839 794 394807
119 383 371009
348 9 819403
614 776 737588
86 768 634042
86 827 113260
86 107 373093
162 521 26787
593 335 799009
487 288 309045
487 102 7476
794 95 768311
9 298 403357
9 224 216535
776 5 270762
776 530 421374
827 766 539005
107 797 322456
107 154 610334
107 331 771371
107 425 170167
288 57 84734
102 679 686426
95 143 436993
95 726 979562
95 235 773865
298 234 290424
298 601 901769
224 413 559560
224 814 802203
530 824 633660
766 573 469019
154 141 505502
154 803 300764
331 645 843684
425 637 808903
425 101 424370
425 792 354047
143 58 107563
726 608 52212
235 221 845041
601 254 194385
601 371 933821
601 719 542009
824 139 440644
824 813 144120
573 105 305198
141 720 267008
803 166 312505
645 372 609868
645 135 557146
101 94 331236
101 111 791494
101 64 789554
792 159 282947
608 1 135500
221 790 251800
221 585 356778
813 389 705217
813 694 271747
720 187 60667
135 568 940783
135 632 559630
111 231 194467
111 424 586165
64 190 394717
64 861 771227
159 703 299374
159 821 245041
159 751 842346
1 172 88663
1 82 331425
790 428 615021
585 582 264737
694 411 697963
694 92 82598
632 612 276552
424 575 978564
424 602 230853
424 306 447674
861 747 189151
703 752 943325
751 31 516227
82 219 998601
82 299 313062
82 584 549623
428 606 214191
582 419 777995
582 682 41994
411 32 205725
411 651 541195
92 587 888962
612 548 62055
612 33 934201
306 336 857744
747 96 533025
747 181 995027
752 343 584113
31 810 990296
419 527 995422
682 532 631211
32 603 834229
587 418 555939
587 34 738432
548 296 989620
33 279 90701
33 20 429165
336 743 80890
343 373 744451
343 551 944479
343 759 112496
810 493 761748
810 457 411663
532 27 644808
603 327 797011
34 834 329193
296 597 848300
296 773 746488
296 211 402749
20 817 700902
20 155 10101
759 468 306736
493 557 455101
493 840 330466
457 161 195827
457 441 15502
27 75 171499
27 261 157360
327 223 493761
834 246 161353
597 52 666805
597 153 961699
773 60 559129
773 618 710402
211 772 305899
817 269 260002
817 748 261858
817 239 462626
155 853 227042
155 856 401256
468 12 733673
557 23 659356
557 46 788124
161 615 913319
441 170 900827
441 702 325859
75 97 254634
75 429 799015
261 497 744601
223 53 342867
153 292 484453
153 732 49774
618 621 669068
772 661 609180
772 835 823518
748 489 252858
239 600 904882
853 379 220492
853 330 136129
12 547 671480
23 467 595835
46 414 356400
46 553 147513
170 760 639717
170 783 449073
702 427 556103
97 66 609064
429 334 570153
497 21 351286
497 40 479735
732 570 720866
835 399 89400
489 737 85434
600 622 359834
379 93 657603
330 695 851439
547 422 261144
414 24 496364
553 249 834306
553 305 659470
427 652 680014
427 836 218799
427 492 860835
427 30 944286
40 484 778405
40 528 874442
40 45 659063
622 673 44286
622 707 219772
622 397 261733
93 217 307559
93 259 452687
93 443 548468
695 91 732945
695 220 521854
695 465 389865
695 731 228657
695 507 26514
249 180 667989
652 228 407765
836 416 123925
836 688 355995
492 574 869624
492 849 69777
30 708 720207
30 353 40161
528 828 645940
45 77 650652
673 544 121794
707 546 915561
397 539 378827
397 317 155209
397 841 783361
91 70 870500
220 241 711121
731 598 260858
507 533 665652
228 591 827680
688 513 781408
574 157 283459
574 498 779262
574 744 929672
849 29 310741
849 304 805971
849 746 236742
708 367 979464
353 356 478064
828 51 536995
77 647 108693
317 90 233641
317 572 456413
841 275 662193
841 65 285721
70 289 1932
241 326 97048
598 779 434802
533 131 736278
533 669 202216
533 433 613868
157 256 3922
498 368 551657
498 540 59758
744 215 292148
746 535 927206
746 293 13045
367 266 333699
367 564 176428
367 196 127710
367 124 275195
356 182 414255
51 631 911048
647 629 694132
647 808 626920
65 456 245397
65 117 676538
669 136 475743
433 222 922525
433 696 384814
256 74 394882
256 522 931707
256 545 651036
540 620 381272
215 454 826463
535 183 434123
293 244 47147
266 134 76767
266 284 213531
266 474 126372
266 204 525931
564 233 113891
196 586 219011
196 784 52188
124 829 845641
124 863 578914
182 550 771335
182 10 756429
629 478 911058
808 724 251618
808 365 906666
456 169 34895
117 355 925716
117 736 89774
117 785 403381
136 687 231706
222 780 298379
696 426 964666
696 653 343812
545 76 941280
620 438 303764
620 37 430759
183 315 161266
244 201 763552
244 847 253196
204 400 728441
829 81 991615
829 393 370587
829 854 470775
829 697 23042
550 381 764439
10 850 125845
478 483 495625
478 630 739166
478 717 652050
365 362 700961
365 534 6735
365 466 972710
169 47 407211
355 660 635808
736 147 776867
785 208 54951
780 556 110583
653 415 529373
37 447 110421
315 49 802623
847 177 663516
400 313 571692
400 122 601863
400 495 512604
393 417 158561
697 526 719634
697 210 936876
697 763 991908
381 445 705343
850 439 296482
850 236 423392
483 104 192879
717 357 283197
717 624 144941
362 108 440176
534 282 787850
466 195 447927
47 609 949823
660 691 107310
208 250 736727
208 515 519593
556 214 213899
415 577 579991
49 245 866401
122 442 140950
417 791 661061
210 700 477882
763 859 258782
445 655 263483
236 838 363424
624 560 751142
624 555 142166
624 61 524869
282 321 740602
195 197 428475
195 668 353573
195 774 82301
691 663 267127
515 480 662816
577 809 16251
245 138 200492
245 163 366128
245 738 103526
791 310 767886
700 98 248153
655 114 138657
655 712 211415
838 374 520098
560 242 634960
560 253 418147
555 206 80170
61 113 3261
774 380 752660
138 287 301910
163 590 465698
310 35 982648
310 844 61009
374 72 53637
206 693 751356
206 686 535271
113 502 179637
380 386 791908
380 471 848546
380 455 176490
287 554 600677
844 160 442696
844 268 565720
72 740 963886
72 360 598211
72 610 21688
693 770 707665
686 650 185351
502 796 409258
471 671 518729
455 257 442189
455 401 588679
268 505 601455
360 558 483283
360 80 557625
610 264 183225
610 486 435271
610 805 179707
610 146 286313
770 462 240713
650 434 434981
650 510 162784
796 482 428480
796 795 428798
671 709 912206
671 152 921780
401 800 716868
505 176 466418
505 67 373668
80 549 762419
80 258 810457
146 212 775902
462 538 376338
510 811 919433
510 812 414796
482 13 85325
482 103 783610
795 599 540313
795 802 128550
152 819 692950
800 39 879067
67 89 463243
67 481 944567
67 830 27278
67 340 17801
258 739 36625
212 713 315958
212 262 232320
212 3 35938
538 28 592096
811 683 415775
812 359 926645
13 179 909230
103 106 390554
103 405 73878
103 472 129287
103 491 228600
103 48 823429
599 267 561537
802 26 306846
802 617 855820
802 392 966270
819 460 306450
819 463 638203
819 826 962452
819 164 170956
39 295 8154
39 625 244385
39 193 825943
89 654 815230
481 501 683728
481 825 522679
340 243 721630
340 174 205553
340 260 319713
739 332 491695
262 685 966149
262 407 295873
3 323 974923
3 209 266254
28 718 773097
179 525 720262
48 469 763430
267 225 777961
617 252 973359
617 263 138546
392 845 23055
392 199 592160
463 281 232958
826 723 659543
164 338 684472
625 112 902797
193 188 484898
193 437 902762
193 804 778894
654 762 311050
501 229 996428
825 384 745608
174 390 952918
260 583 170217
332 84 265
332 508 577187
407 509 692698
323 110 48502
323 657 573761
209 123 630412
209 674 713792
718 604 460610
718 613 88769
718 705 84007
718 786 123988
469 659 877963
469 202 343208
469 395 344785
225 385 913622
225 782 6752
263 151 768145
845 328 243649
845 837 40147
199 449 569977
199 354 43976
281 337 424993
281 22 713560
723 237 117606
723 735 138979
338 99 791526
338 459 582507
188 274 372629
804 531 177045
384 714 327399
384 578 210957
583 511 465548
583 843 704207
84 363 42516
508 862 302228
509 755 979853
509 121 573190
674 689 713444
604 565 346759
705 286 4062
659 711 196906
202 769 484523
202 799 707417
395 477 680605
151 499 849083
151 537 246746
837 325 597161
354 664 795959
22 448 665420
22 681 448522
735 189 777442
735 376 320669
735 301 619737
459 775 103704
459 832 230763
531 569 821552
531 860 939866
714 410 320448
714 173 149748
578 641 827366
862 297 229359
862 822 796882
121 670 278787
121 787 737656
689 294 402789
689 594 408458
689 83 935779
689 749 610275
565 125 21547
286 677 366794
477 626 185530
499 806 143956
537 320 444815
537 820 223826
325 815 520866
664 318 414308
664 675 45935
664 562 485123
681 452 69685
189 450 423009
376 725 46664
301 596 638057
775 290 470903
569 403 644739
860 148 971397
173 512 314766
641 761 567358
297 247 149492
822 205 945042
822 213 462733
294 255 804929
294 563 346235
83 680 824893
83 734 142449
749 16 782815
749 496 516654
749 126 736843
626 175 260108
626 541 498757
626 36 327105
318 520 701505
562 716 739177
452 524 552419
596 388 370632
403 100 124497
247 273 548770
734 14 451521
734 616 443183
16 248 106988
126 451 816369
126 765 813608
541 665 738319
36 635 483321
36 329 729492
36 56 342536
36 421 375427
520 227 95479
520 529 969533
716 302 120017
716 494 499872
716 118 292548
716 857 720001
388 823 403289
100 667 225883
100 8 17362
14 142 577531
14 218 979450
616 87 131319
616 423 933965
616 503 696228
248 194 466180
765 7 974256
635 435 164699
635 567 679482
635 728 9655
329 816 804524
56 342 685639
421 361 148955
227 200 437492
118 366 417782
118 444 557187
118 684 584862
118 490 913406
857 314 638751
857 543 43178
857 319 90837
857 644 480556
8 394 243047
142 55 621825
218 658 770091
503 144 361683
194 378 415482
7 300 303853
435 470 144507
816 43 945363
342 589 195899
342 848 991464
361 855 456354
366 50 580076
444 109 695410
684 168 667907
490 453 947960
490 754 881285
319 333 642259
394 4 741847
394 270 475473
394 62 285785
144 851 65437
300 132 123861
300 818 184836
300 377 719439
43 19 338615
43 581 199367
43 789 872205
589 272 982625
589 440 545085
848 576 743259
855 473 730890
855 412 642521
453 129 81706
333 185 554914
333 628 311979
62 461 463852
62 184 371256
62 226 273665
132 561 461487
818 69 164000
818 251 467837
818 396 860522
377 85 691662
377 706 799100
19 285 334527
581 198 8836
581 595 765233
581 605 985697
581 375 46506
412 742 462044
461 339 293693
184 446 313483
226 71 420706
226 767 665170
561 140 313929
561 192 925841
561 404 482881
396 130 868488
85 643 431418
85 781 771839
706 25 217157
285 158 833397
375 322 547346
742 646 56560
446 358 700719
71 475 399955
767 704 386614
767 771 562209
192 639 920080
404 369 517558
130 656 25757
130 807 880947
25 619 799641
158 692 89779
322 571 30229
358 308 586796
369 733 432139
656 349 126701
656 788 775809
656 167 64301
807 59 651314
807 500 768485
807 303 248911
619 238 554981
692 518 226192
571 265 267911
308 232 835208
308 479 146311
167 276 459484
167 63 658327
59 516 930438
500 778 180959
303 636 346083
238 145 541338
265 17 218229
265 611 663932
265 701 340937
276 42 759803
63 137 138433
63 402 37173
63 846 514963
516 54 192985
636 730 83516
145 207 336247
145 191 356809
611 120 887331
42 729 519360
846 559 503599
730 698 155365
191 278 668261
191 464 404825
120 523 10601
729 506 362542
559 370 659042
698 127 733585
464 115 874929
523 18 379836
506 627 640449
506 710 549993
370 387 391325
127 240 585295
127 431 71400
127 351 134307
127 666 768013
115 488 262808
627 280 506764
627 364 269039
387 458 846039
387 801 244950
351 753 230739
666 580 154665
666 690 637868
666 345 880858
488 44 921079
488 128 412930
488 352 219120
458 216 389647
458 592 448046
801 408 830720
345 341 747089
345 485 41263
345 858 538899
352 864 121629
408 150 149195
341 178 387193
341 277 914332
485 745 413632
858 504 63147
864 777 13249
150 88 843464
277 382 264878
277 721 360647
504 344 662768
777 15 323694
15 649 730653
15 307 477734
649 420 901202
307 41 512962
41 11 29293
41 699 561933
41 133 376034
699 311 315788
133 291 648791
133 648 662573
133 230 625083
648 566 442194
648 640 370221
230 831 552007
640 171 371787
831 324 494335
831 634 298240
831 750 513816
324 271 356922
442 321 784 719 472 234 219 443 17 783 81 760 229 460 479 398 399 438 665 544 576 243 4 205 762 69 591 181 451 833 643 344 259 105 741 570 378 250 713 242 98 231 168 677 737 518 584 363 422 385 21 575 382 347 711 431 454 264 580 788 11 683 821 768 476 621 58 552 302 26 815 232 782 139 426 251 423 470 334 781 484 486 180 386 594 177 200 134 512 701 280 60 637 295 176 494 474 299 710 339 799 546 852 79 137 123 291 55 284 757 272 198 832 290 511 522 252 416 851 74 843 24 328 6 513 566 147 527 568 269 563 787 658 449 270 467 29 814 311 661 733 754 383 473 201 549 728 554 314 349 104 35 66 685 246 253 5 57 740 88 368 313 44 753 588 434 271 670 630 275 106 405 108 274 856 592 54 114 743 820 320 437 465 480 761 496 131 558 68 667 128 190 525 187 475 526 450 745 110 607 420 613 646 663 213 786 233 185 859 651 771 112 418 605 76 806 657 172 413 94 409 572 402 364 644 634 721 840 606 602 543 567 712 304 125 789 255 52 160 217 129 709 171 289 863 779 372 809 373 595 529 590 725 216 448 797 18 148 337 335 805 524 439 755 278 156 175 305 830 704 440 495 109 359 687 316 240 326 551 90 178 724 447 628 357 50 854 521 166 668
