909 115
0 723 729876
723 177 630886
177 51 214988
177 485 747005
485 620 621879
620 241 89907
620 601 57361
241 322 236295
241 497 156611
601 646 53648
601 23 269255
322 791 796758
497 305 326951
497 476 208175
497 391 49305
23 29 78237
23 383 753820
23 547 326137
305 502 304338
476 84 570989
391 150 297038
391 503 516291
391 335 989530
383 146 357373
383 13 386398
547 642 765149
84 889 556405
150 258 560792
503 454 203040
335 430 970377
335 798 109163
335 754 961251
13 321 968274
642 255 900797
642 204 77537
889 457 218734
454 282 468609
430 223 515271
430 234 382614
754 750 927034
321 289 432436
321 660 409171
204 580 968387
750 166 310218
750 327 110754
750 788 538227
750 80 1432
750 32 491019
289 279 678138
660 686 730468
580 281 711748
580 498 993530
580 82 829212
580 588 433563
580 797 65554
327 573 776856
788 704 430973
788 741 500738
80 44 509735
80 420 186236
32 544 211117
32 47 944658
686 308 6805
686 533 836801
686 888 137674
82 183 777258
588 488 812633
797 446 84220
797 342 861499
573 300 567991
741 178 219473
741 426 170021
44 467 171163
420 168 571008
544 97 7316
544 897 336812
47 701 967790
47 707 509111
47 633 658615
47 813 26210
888 265 653908
888 816 250176
888 359 370597
183 575 732993
488 870 52293
446 393 156631
446 596 110462
342 899 83991
168 157 505206
168 156 195895
168 352 444889
897 424 109488
707 396 616931
707 679 708856
633 229 656997
633 652 862788
633 616 33703
633 561 286542
813 45 387095
813 795 550646
813 842 120700
813 781 622782
359 201 748676
870 286 915459
870 130 973282
393 358 530032
899 570 996929
899 198 234827
157 99 472837
156 542 776700
156 373 843038
352 269 357907
352 60 380096
424 171 434774
424 292 167240
229 372 950115
652 57 695050
652 180 103182
616 838 689421
561 619 410576
45 312 811971
45 495 91456
45 516 411809
795 27 312420
781 230 16036
201 336 319995
201 453 78416
286 815 209431
286 711 521140
130 419 669655
198 708 847686
99 167 367099
542 260 713893
373 865 209279
60 632 906692
292 538 834903
292 103 1351
372 514 114499
57 737 325714
180 58 729679
180 165 295223
619 95 518112
619 805 561229
516 199 197557
230 434 95712
453 628 102703
453 104 705180
815 303 668569
711 353 228018
711 304 207001
419 142 612502
419 894 852580
708 159 616625
260 192 684014
260 520 222126
632 347 107744
538 651 189697
103 518 124012
103 68 888730
165 74 20117
805 864 111357
199 337 362273
434 823 63390
434 832 493403
434 273 697763
104 835 722833
304 885 474684
142 475 874248
159 804 639341
520 772 544575
347 425 229545
347 9 519711
68 133 142471
68 48 318425
68 362 519521
74 677 829535
864 594 586044
337 285 857413
823 217 936099
832 25 630783
273 119 93438
273 807 767574
273 491 283284
475 678 357812
804 301 36203
425 472 480787
9 745 869081
9 694 653717
133 147 319794
48 698 448308
48 725 490405
362 36 316436
362 191 439862
362 416 706813
362 189 44718
677 226 359640
677 825 638729
285 140 889049
285 276 686773
285 441 283909
25 843 621501
119 214 931537
807 370 982165
491 615 939060
491 901 368048
678 141 846112
301 381 473458
301 551 579293
301 546 825148
472 523 937934
472 220 397012
472 366 473587
694 762 593531
694 886 865513
189 20 17666
189 261 921726
189 161 201285
825 683 525326
843 116 742607
214 643 287146
214 611 538283
370 379 137110
615 6 699278
901 481 945678
901 496 642757
141 818 781176
141 693 130369
551 173 623535
551 593 617783
546 761 436608
546 355 190958
546 549 880952
220 431 210881
220 831 471775
366 519 561079
366 866 459663
161 52 432216
161 768 814660
116 163 423028
611 719 606472
379 81 14230
379 120 799343
481 718 633131
481 521 966324
496 902 639675
496 458 737644
818 298 962847
693 558 269979
693 587 569423
693 462 725925
355 824 617790
549 160 339381
549 487 743727
549 717 659328
831 127 280686
831 131 992301
519 194 852148
519 328 528384
52 100 137773
52 429 21683
768 479 779972
81 153 859839
120 806 291606
718 699 366675
521 46 993511
458 211 53519
458 41 7512
298 256 445872
298 483 224803
298 418 974272
462 188 399772
462 175 190499
487 465 275891
487 466 621057
717 108 827686
717 262 637919
429 404 426250
429 591 430627
153 568 564205
46 785 934607
211 377 356266
41 671 304443
256 39 976965
256 592 697434
483 603 680085
418 264 310004
418 330 642450
418 50 22527
418 810 345331
188 460 875367
175 756 575125
465 129 539872
465 537 373220
465 16 859320
466 250 871966
466 348 761862
466 550 974253
466 675 957558
108 637 870334
262 291 981488
262 392 486003
568 684 719444
568 102 741797
785 672 621263
785 307 953111
785 517 823863
671 492 366216
671 1 435208
671 653 866767
671 758 468025
671 738 987130
592 98 788470
50 782 948158
756 437 526087
537 143 876555
537 564 969644
16 235 926401
348 581 614156
550 681 252635
675 278 441353
675 148 134035
637 891 633777
291 356 120355
291 93 988580
392 222 25026
684 121 884553
684 595 255931
102 248 70631
102 753 883271
672 221 899063
307 92 546053
307 368 275102
307 867 918430
517 478 287730
517 11 583902
1 599 353361
758 528 896383
738 604 517291
738 667 319444
437 329 808947
235 110 672322
235 626 523483
581 242 341776
581 451 65888
681 302 368491
681 91 969607
681 649 473581
278 579 124870
148 634 928316
148 720 949261
148 709 639175
891 447 349862
93 427 258539
93 706 778648
93 716 9899
222 172 186095
222 731 704496
222 586 881085
222 64 557791
595 515 340252
867 534 923817
867 205 479422
478 607 484341
478 206 217088
11 203 64676
11 195 76699
599 8 439686
604 597 901982
667 71 615478
667 705 829282
667 688 618536
329 869 98244
110 21 217100
626 136 147185
626 654 570551
242 449 751613
451 154 811428
91 357 556902
649 85 363387
579 31 168377
634 582 492851
634 617 699450
720 30 454205
709 10 626834
709 562 598785
447 309 352123
447 186 328091
706 638 1946
716 665 83123
586 24 69606
586 764 351694
586 311 715059
586 898 330616
64 218 830099
64 55 174242
64 860 371475
64 631 868864
534 757 594880
205 543 714735
205 760 214145
206 578 496254
203 89 680554
195 525 651231
195 463 799733
71 618 611985
705 510 586582
688 589 304217
654 882 155455
357 511 389680
85 144 116921
31 784 396151
617 535 279654
30 124 786471
10 399 19032
562 443 838146
309 696 788123
186 904 987291
665 800 648804
24 112 651519
764 787 904031
311 895 634080
898 627 819943
55 107 509495
55 374 519409
860 238 449187
631 378 706479
757 200 514345
578 417 233904
578 640 558064
578 606 698109
525 350 564428
463 182 514472
589 228 51353
589 174 467874
144 280 477206
124 875 748341
443 682 676128
800 37 403111
787 117 3199
787 275 770206
895 196 458561
895 236 505595
895 402 254524
895 63 614333
895 563 855402
627 115 288769
627 577 740602
627 763 776650
374 809 668451
238 828 49901
378 126 759850
378 840 637434
606 834 458372
182 473 909896
174 778 215994
682 887 429765
37 134 123726
37 452 826599
275 412 643271
236 409 262454
402 42 775307
63 73 814081
563 394 533085
563 650 112168
115 505 395041
809 245 663068
840 406 769092
834 190 554007
834 752 89485
473 181 866404
778 101 747016
887 87 163929
134 361 424563
42 438 514531
73 661 953305
650 880 907759
406 405 645062
406 152 511141
190 776 198193
752 259 681182
752 645 753641
181 83 686733
181 609 341009
101 529 614810
101 387 523953
101 648 732701
438 43 810264
661 630 875525
661 155 43607
880 75 408568
405 237 316067
152 790 763674
645 471 951231
645 114 987518
83 655 517797
609 297 34528
609 170 29871
387 111 648011
648 668 120950
43 390 764707
155 339 389529
75 246 460098
75 565 763835
237 461 908822
237 469 723005
790 530 922976
790 826 877961
114 799 589209
170 400 683125
170 900 171082
111 690 237321
668 557 498531
339 500 827344
826 692 423790
690 59 376031
557 138 337744
557 624 17552
500 554 79797
500 459 643628
692 401 839019
692 874 303857
59 477 266786
59 388 202687
59 539 971526
138 647 65758
138 113 233679
624 629 696646
459 734 107697
874 421 896884
477 801 188683
388 793 698025
539 54 604045
539 253 214108
113 227 656260
113 773 117548
113 759 641498
629 482 748794
629 371 670264
629 346 236200
421 777 634557
421 687 570325
793 779 80310
253 536 53352
253 893 965346
773 122 464812
759 697 591995
371 812 699531
371 296 953337
346 169 892458
346 464 187040
777 439 255663
777 837 807766
687 267 223930
779 512 320429
536 306 503546
893 4 667633
893 448 50621
697 747 598125
296 317 639512
296 868 616497
296 729 967588
464 833 563322
837 364 929955
267 506 657322
267 7 885807
512 414 960190
512 722 954587
306 527 167423
4 158 530080
4 659 316082
448 149 502536
448 715 820244
747 658 930077
747 598 167844
747 614 879148
317 526 498160
868 861 626922
729 125 255108
833 162 858569
833 769 601050
364 202 260479
364 408 281064
506 748 354140
7 817 132945
7 380 137809
7 724 751506
7 213 313418
722 293 956527
527 574 199786
158 423 307996
158 164 686610
149 28 804492
149 257 564642
715 96 265051
658 151 193953
598 670 159639
614 605 307880
125 878 719046
162 730 690878
769 669 322265
202 612 529608
408 786 30620
748 354 718407
380 774 719829
380 884 232916
724 850 331629
724 892 908966
213 468 159069
293 90 221589
574 266 457568
574 216 501209
164 66 455632
164 287 632897
164 484 230417
28 480 100116
257 176 475949
257 19 357729
96 49 324778
605 789 689587
878 524 152681
878 69 367451
730 38 246858
730 78 307328
730 584 811847
669 858 860942
612 814 648785
786 576 527571
786 411 862586
786 862 845217
774 444 599211
884 233 191017
850 713 18407
892 541 156624
892 841 889417
468 513 638309
468 375 625075
90 566 156939
216 767 449419
287 210 643562
484 531 677042
19 726 31749
49 610 829462
49 197 745663
49 879 220824
789 86 854791
789 277 324200
69 3 552403
38 53 167665
858 385 197973
858 274 990455
814 590 843080
814 663 857673
411 413 558215
411 740 356620
862 907 55279
233 739 916909
713 735 889259
841 555 160831
375 351 918048
375 105 639381
375 567 675056
375 873 414208
375 219 12568
566 829 35547
767 76 341178
210 340 562490
210 252 869124
531 415 941706
610 674 190386
197 363 575919
197 583 26208
197 187 655015
879 118 322586
277 271 153264
3 389 718740
3 532 403337
385 819 981765
274 397 421989
663 263 158340
663 212 210645
740 319 493191
907 770 204987
739 249 98039
735 349 644002
105 403 634895
567 139 231157
567 613 661578
873 857 92786
873 808 199486
219 94 757162
252 456 215531
415 560 725274
674 310 371549
674 522 811019
674 736 800534
187 855 18491
271 341 204170
271 239 957114
532 207 359391
819 2 674633
819 294 572939
819 751 992322
819 70 255452
397 849 960867
397 903 806146
263 128 207115
263 65 481644
212 811 726409
212 854 331221
212 209 796037
770 215 567252
770 792 708394
770 844 461027
349 320 347428
139 331 446337
808 365 440023
94 324 421483
736 34 61811
855 14 333695
239 22 208810
239 433 550180
70 504 321378
70 853 218007
65 369 364251
811 193 384590
209 507 849649
209 225 497461
209 77 116777
215 315 546293
320 622 448042
365 641 604711
365 712 216883
365 432 178958
324 360 272083
324 12 858490
34 268 885314
34 334 752599
22 33 115120
433 703 876864
433 771 171344
433 803 608815
504 602 557731
853 313 943159
369 493 795480
193 299 417636
193 685 409975
507 545 143337
225 314 24093
225 343 412850
77 822 397579
77 243 87762
315 490 57181
315 621 300791
622 836 515555
641 184 801758
641 422 365466
641 830 20652
712 571 909383
712 876 318415
432 470 83415
432 398 264219
432 270 336939
360 179 276888
360 474 381916
360 445 369463
360 872 738899
12 384 270231
33 700 237582
33 56 116627
803 455 798639
803 744 397346
803 635 451426
493 639 357081
685 710 993021
343 821 962113
822 509 709510
243 67 141239
422 569 586284
571 556 98021
470 26 665871
470 240 671970
398 323 7837
270 743 234925
270 106 869078
474 625 826914
445 40 89769
445 540 559822
445 657 542144
872 61 811608
384 440 803808
384 714 753792
384 382 787956
384 881 259900
700 608 180979
56 344 634453
56 17 62550
455 316 996861
635 766 331697
639 367 56307
710 839 34740
821 15 121629
821 765 603234
67 883 740908
569 290 838748
323 109 528175
106 863 757298
106 906 367423
657 695 846781
440 72 668556
382 846 257692
382 848 873132
881 890 566951
881 428 20093
17 794 479282
839 123 448949
839 727 789411
765 247 946985
290 338 539876
109 780 480085
109 746 469323
906 572 756540
906 501 373231
890 5 44063
428 623 491727
428 208 41849
123 407 889006
727 232 518438
727 295 229049
727 288 290017
338 145 719782
780 728 124228
780 802 982563
746 559 46900
746 662 912238
572 664 534932
572 783 169062
572 851 827753
501 585 212425
501 820 650703
501 548 250214
5 185 39847
5 395 486540
208 499 472038
208 680 113830
208 600 642081
407 775 127311
295 486 322674
288 137 658864
288 852 531016
559 283 677521
662 845 726887
783 410 285614
820 62 957244
548 827 27194
185 284 482565
395 896 881598
680 436 987281
680 333 986974
600 450 156297
600 435 186375
852 376 334219
845 231 339047
845 691 126908
62 18 944944
827 489 30447
827 345 51663
827 905 641523
284 494 169542
333 877 139649
435 272 928437
435 254 786336
18 721 600891
18 673 909064
489 35 224456
345 856 110405
494 689 744532
254 702 118026
254 666 474602
721 79 943351
673 552 313512
856 251 784796
689 508 233329
689 676 73811
666 386 840028
666 644 973116
552 332 717743
552 224 754043
386 859 229701
644 325 990813
644 326 355175
644 553 76314
644 749 624134
224 656 588013
326 742 967924
553 871 193146
749 88 252075
749 908 156287
656 733 840244
742 132 569547
742 755 390718
871 135 239473
755 318 620628
135 244 977239
244 732 981082
244 847 43429
732 442 966087
847 796 110371
796 636 758008
846 449 409 902 526 679 126 699 636 308 363 358 58 502 798 904 776 350 319 416 452 719 401 376 513 647 167 896 558 276 251 294 851 509 857 590 587 545 297 744 591 467 143 303 638 417 154 36 54 118 863 762 565 439 683 801 137 646 404 664 623 97 794 630 508 743 184 313 87 596 331 340 314 877 394 166 522 457 842 469 217 518 603 733 556 127 171 29 265 318 676 905 714 95 802 875 246 191 869 107 876 482 226 659 146 356 221 734 172 72 316 643 361 332 510
