426 96
0 21 742003
21 408 84291
408 144 673668
408 351 941663
144 2 828592
351 308 58452
308 110 721731
308 139 661727
308 188 944814
110 83 429657
139 222 191231
139 302 198363
139 130 471976
139 348 84467
188 322 258645
188 225 584102
83 74 826083
83 204 652209
130 95 712986
130 199 682516
348 128 432419
348 416 20518
225 65 806170
225 285 640600
74 138 408972
74 335 218875
74 272 728299
204 307 712668
204 330 82155
95 243 78181
95 324 488898
199 255 835785
199 390 912578
416 205 322601
416 175 532155
285 152 344278
285 49 698782
285 104 564436
138 192 470949
272 61 164938
272 409 102390
307 71 765572
307 323 204478
330 15 189818
324 291 628563
324 376 600992
255 388 403334
175 350 830551
175 183 260834
152 134 568158
49 62 126494
104 344 745735
61 133 763690
61 179 795744
409 206 197543
15 208 530805
15 120 33451
15 231 972183
15 252 525309
291 10 749235
376 33 809739
376 125 342210
376 131 913099
183 336 647895
134 271 347742
62 81 343007
62 123 835846
344 30 769331
344 223 450190
120 378 310395
231 382 292148
252 6 86821
252 76 244268
336 364 195599
123 212 849521
30 258 574877
30 7 561302
30 39 60810
30 58 211054
30 300 516019
223 224 275816
223 16 60195
6 80 549928
76 185 667843
76 196 857918
76 295 708256
76 357 551011
364 94 880816
364 142 619485
364 256 996223
212 189 715697
7 343 771983
39 102 195315
39 358 18592
58 383 233093
300 384 764657
300 35 766709
16 171 287172
357 265 840311
357 415 756365
142 269 882885
256 103 306567
256 386 249045
256 163 491840
189 22 361665
343 46 180895
35 377 456277
171 304 849278
171 187 723209
415 50 874039
269 153 839610
163 164 626129
22 170 185418
22 293 691958
377 216 245068
377 254 418310
377 263 518282
304 207 123174
187 338 754870
50 150 542173
153 79 527891
153 333 665953
164 266 784068
254 77 218688
263 114 919197
263 235 675418
263 197 569286
207 126 954004
207 169 801032
338 69 319061
338 213 343981
333 42 724166
333 45 318791
333 136 274170
266 88 280713
266 367 341436
235 151 306870
197 68 641561
169 310 511887
69 393 398763
213 48 37563
42 132 619644
45 115 570981
136 201 576934
88 67 130581
88 262 85782
88 366 87820
367 37 302335
68 78 406623
68 312 676787
310 116 637689
393 375 488008
48 168 956812
48 334 21501
115 96 310704
201 396 619889
67 82 828750
37 418 694979
37 305 992367
78 17 622452
312 135 802061
312 397 764878
375 301 694908
168 329 87482
334 320 738637
334 331 975642
96 313 209962
96 332 180499
96 107 651173
418 239 347052
305 31 813361
305 424 218608
17 275 445310
329 5 94471
329 267 540507
329 385 708933
331 214 54860
331 399 833761
107 190 46058
107 317 678407
239 282 373966
239 361 129891
31 309 679054
424 379 414265
5 148 332458
5 209 678718
214 412 669545
399 362 873027
317 147 272189
282 346 482541
361 56 461044
361 286 558137
412 25 610327
412 112 899090
362 394 500377
147 111 227163
147 75 225464
147 326 262789
346 249 586967
56 218 31150
286 290 887587
286 303 233970
25 59 8544
112 273 625313
112 339 245990
112 403 936073
112 414 185502
394 368 731019
75 72 602125
326 353 175689
218 47 81271
290 27 142926
59 84 704082
273 113 601015
339 11 846495
414 127 342439
368 32 449434
368 100 720387
72 129 536761
72 251 985345
47 234 913511
127 85 812290
100 98 160392
100 121 490417
100 12 185108
100 66 411918
129 44 536592
234 289 775341
121 143 791374
121 340 165549
12 172 128351
12 296 453736
12 8 256901
66 238 120376
66 328 677056
289 146 595146
172 373 176131
296 158 151831
296 13 890210
296 283 372072
8 274 154919
8 298 731872
238 294 298173
328 246 755923
146 57 280987
373 178 758809
13 193 73480
283 237 87226
283 29 286813
274 355 990733
298 316 75175
298 91 416674
298 321 97406
246 421 589986
246 280 420256
178 411 332177
193 284 46863
29 167 123090
29 202 346619
316 374 516723
91 325 876598
321 369 201363
321 60 442533
421 182 884667
280 297 833211
280 380 374005
280 281 865666
280 372 231368
411 64 678363
411 410 630721
202 337 82233
202 406 175695
374 52 154267
325 240 101295
325 140 238933
325 38 162732
60 200 9183
60 422 636836
297 141 184911
380 20 353009
281 149 555376
372 55 74604
372 230 428643
64 244 745684
410 233 228196
410 363 388677
406 419 185740
52 194 769357
52 229 973228
52 349 907750
140 24 894244
140 40 368314
140 354 905603
38 398 501254
422 400 602310
149 250 73426
149 241 683639
149 156 955216
230 53 743080
230 342 841100
230 154 746852
244 227 353084
233 220 151737
233 106 779967
363 109 110794
194 93 133997
229 63 410758
349 34 528226
349 277 489366
40 215 256340
398 97 872369
241 191 793344
156 247 805400
53 404 181833
342 292 431957
154 371 823220
154 395 640025
220 299 78997
106 122 626526
106 108 621610
106 242 914148
109 105 196189
109 261 700178
97 174 270602
97 259 378156
97 245 74390
191 73 864439
191 381 28732
191 387 162226
191 402 789241
247 260 180921
404 157 702034
404 219 321928
292 226 94549
292 248 835196
292 405 638995
395 356 188546
395 287 389103
108 236 964893
242 210 152512
261 1 795900
259 176 807046
245 253 451656
73 54 856227
73 160 943285
402 119 42668
260 86 302204
157 341 121020
219 345 830734
405 268 704726
287 181 149170
210 87 171808
210 166 919175
210 319 604603
253 161 409939
253 4 884011
253 413 901885
160 228 178457
86 279 498541
86 420 245440
268 417 781981
268 389 21380
181 198 660498
181 314 209200
181 278 435994
4 36 94602
4 288 981792
279 407 239704
420 217 931361
389 92 306742
314 165 478869
314 232 610925
314 257 260521
278 117 788401
278 318 256906
278 89 798617
288 41 201971
288 101 830083
407 23 198769
92 28 331295
89 401 316937
101 19 16365
101 276 240492
101 195 626613
23 180 778788
23 352 191085
23 365 458204
28 177 551984
401 18 384661
19 90 161346
195 264 645477
195 392 80807
180 162 702363
365 9 300382
365 203 689541
177 315 476107
177 311 882057
18 118 383948
392 3 903221
392 270 762082
392 347 580626
203 327 838988
203 159 517140
315 124 188178
311 423 212787
118 221 132796
118 425 75423
347 155 941493
347 370 165900
159 145 748297
159 70 179388
423 26 477654
423 306 41890
221 137 542003
221 51 675041
425 391 127524
70 43 71189
70 359 473927
306 211 623206
51 360 684961
360 14 251318
14 99 320943
99 173 460963
173 184 975514
184 186 385769
114 54 228 386 341 148 243 33 81 141 103 240 419 137 82 320 155 126 250 124 2 403 332 41 20 77 303 119 301 11 125 166 309 335 170 384 226 265 417 391 413 182 345 32 340 206 350 318 353 84 24 26 143 128 396 151 262 165 327 105 198 267 208 65 249 44 211 382 10 237 55 224 57 387 352 385 319 131 400 232 276 216 388 293 200 116 337 275 236 117 299 251 323 1 158 71
