1000 999
0 1 1000000
0 2 1000000
0 3 1000000
0 4 1000000
0 5 1000000
0 6 1000000
0 7 1000000
0 8 1000000
0 9 1000000
0 10 1000000
0 11 1000000
0 12 1000000
0 13 1000000
0 14 1000000
0 15 1000000
0 16 1000000
0 17 1000000
0 18 1000000
0 19 1000000
0 20 1000000
0 21 1000000
0 22 1000000
0 23 1000000
0 24 1000000
0 25 1000000
0 26 1000000
0 27 1000000
0 28 1000000
0 29 1000000
0 30 1000000
0 31 1000000
0 32 1000000
0 33 1000000
0 34 1000000
0 35 1000000
0 36 1000000
0 37 1000000
0 38 1000000
0 39 1000000
0 40 1000000
0 41 1000000
0 42 1000000
0 43 1000000
0 44 1000000
0 45 1000000
0 46 1000000
0 47 1000000
0 48 1000000
0 49 1000000
0 50 1000000
0 51 1000000
0 52 1000000
0 53 1000000
0 54 1000000
0 55 1000000
0 56 1000000
0 57 1000000
0 58 1000000
0 59 1000000
0 60 1000000
0 61 1000000
0 62 1000000
0 63 1000000
0 64 1000000
0 65 1000000
0 66 1000000
0 67 1000000
0 68 1000000
0 69 1000000
0 70 1000000
0 71 1000000
0 72 1000000
0 73 1000000
0 74 1000000
0 75 1000000
0 76 1000000
0 77 1000000
0 78 1000000
0 79 1000000
0 80 1000000
0 81 1000000
0 82 1000000
0 83 1000000
0 84 1000000
0 85 1000000
0 86 1000000
0 87 1000000
0 88 1000000
0 89 1000000
0 90 1000000
0 91 1000000
0 92 1000000
0 93 1000000
0 94 1000000
0 95 1000000
0 96 1000000
0 97 1000000
0 98 1000000
0 99 1000000
0 100 1000000
0 101 1000000
0 102 1000000
0 103 1000000
0 104 1000000
0 105 1000000
0 106 1000000
0 107 1000000
0 108 1000000
0 109 1000000
0 110 1000000
0 111 1000000
0 112 1000000
0 113 1000000
0 114 1000000
0 115 1000000
0 116 1000000
0 117 1000000
0 118 1000000
0 119 1000000
0 120 1000000
0 121 1000000
0 122 1000000
0 123 1000000
0 124 1000000
0 125 1000000
0 126 1000000
0 127 1000000
0 128 1000000
0 129 1000000
0 130 1000000
0 131 1000000
0 132 1000000
0 133 1000000
0 134 1000000
0 135 1000000
0 136 1000000
0 137 1000000
0 138 1000000
0 139 1000000
0 140 1000000
0 141 1000000
0 142 1000000
0 143 1000000
0 144 1000000
0 145 1000000
0 146 1000000
0 147 1000000
0 148 1000000
0 149 1000000
0 150 1000000
0 151 1000000
0 152 1000000
0 153 1000000
0 154 1000000
0 155 1000000
0 156 1000000
0 157 1000000
0 158 1000000
0 159 1000000
0 160 1000000
0 161 1000000
0 162 1000000
0 163 1000000
0 164 1000000
0 165 1000000
0 166 1000000
0 167 1000000
0 168 1000000
0 169 1000000
0 170 1000000
0 171 1000000
0 172 1000000
0 173 1000000
0 174 1000000
0 175 1000000
0 176 1000000
0 177 1000000
0 178 1000000
0 179 1000000
0 180 1000000
0 181 1000000
0 182 1000000
0 183 1000000
0 184 1000000
0 185 1000000
0 186 1000000
0 187 1000000
0 188 1000000
0 189 1000000
0 190 1000000
0 191 1000000
0 192 1000000
0 193 1000000
0 194 1000000
0 195 1000000
0 196 1000000
0 197 1000000
0 198 1000000
0 199 1000000
0 200 1000000
0 201 1000000
0 202 1000000
0 203 1000000
0 204 1000000
0 205 1000000
0 206 1000000
0 207 1000000
0 208 1000000
0 209 1000000
0 210 1000000
0 211 1000000
0 212 1000000
0 213 1000000
0 214 1000000
0 215 1000000
0 216 1000000
0 217 1000000
0 218 1000000
0 219 1000000
0 220 1000000
0 221 1000000
0 222 1000000
0 223 1000000
0 224 1000000
0 225 1000000
0 226 1000000
0 227 1000000
0 228 1000000
0 229 1000000
0 230 1000000
0 231 1000000
0 232 1000000
0 233 1000000
0 234 1000000
0 235 1000000
0 236 1000000
0 237 1000000
0 238 1000000
0 239 1000000
0 240 1000000
0 241 1000000
0 242 1000000
0 243 1000000
0 244 1000000
0 245 1000000
0 246 1000000
0 247 1000000
0 248 1000000
0 249 1000000
0 250 1000000
0 251 1000000
0 252 1000000
0 253 1000000
0 254 1000000
0 255 1000000
0 256 1000000
0 257 1000000
0 258 1000000
0 259 1000000
0 260 1000000
0 261 1000000
0 262 1000000
0 263 1000000
0 264 1000000
0 265 1000000
0 266 1000000
0 267 1000000
0 268 1000000
0 269 1000000
0 270 1000000
0 271 1000000
0 272 1000000
0 273 1000000
0 274 1000000
0 275 1000000
0 276 1000000
0 277 1000000
0 278 1000000
0 279 1000000
0 280 1000000
0 281 1000000
0 282 1000000
0 283 1000000
0 284 1000000
0 285 1000000
0 286 1000000
0 287 1000000
0 288 1000000
0 289 1000000
0 290 1000000
0 291 1000000
0 292 1000000
0 293 1000000
0 294 1000000
0 295 1000000
0 296 1000000
0 297 1000000
0 298 1000000
0 299 1000000
0 300 1000000
0 301 1000000
0 302 1000000
0 303 1000000
0 304 1000000
0 305 1000000
0 306 1000000
0 307 1000000
0 308 1000000
0 309 1000000
0 310 1000000
0 311 1000000
0 312 1000000
0 313 1000000
0 314 1000000
0 315 1000000
0 316 1000000
0 317 1000000
0 318 1000000
0 319 1000000
0 320 1000000
0 321 1000000
0 322 1000000
0 323 1000000
0 324 1000000
0 325 1000000
0 326 1000000
0 327 1000000
0 328 1000000
0 329 1000000
0 330 1000000
0 331 1000000
0 332 1000000
0 333 1000000
0 334 1000000
0 335 1000000
0 336 1000000
0 337 1000000
0 338 1000000
0 339 1000000
0 340 1000000
0 341 1000000
0 342 1000000
0 343 1000000
0 344 1000000
0 345 1000000
0 346 1000000
0 347 1000000
0 348 1000000
0 349 1000000
0 350 1000000
0 351 1000000
0 352 1000000
0 353 1000000
0 354 1000000
0 355 1000000
0 356 1000000
0 357 1000000
0 358 1000000
0 359 1000000
0 360 1000000
0 361 1000000
0 362 1000000
0 363 1000000
0 364 1000000
0 365 1000000
0 366 1000000
0 367 1000000
0 368 1000000
0 369 1000000
0 370 1000000
0 371 1000000
0 372 1000000
0 373 1000000
0 374 1000000
0 375 1000000
0 376 1000000
0 377 1000000
0 378 1000000
0 379 1000000
0 380 1000000
0 381 1000000
0 382 1000000
0 383 1000000
0 384 1000000
0 385 1000000
0 386 1000000
0 387 1000000
0 388 1000000
0 389 1000000
0 390 1000000
0 391 1000000
0 392 1000000
0 393 1000000
0 394 1000000
0 395 1000000
0 396 1000000
0 397 1000000
0 398 1000000
0 399 1000000
0 400 1000000
0 401 1000000
0 402 1000000
0 403 1000000
0 404 1000000
0 405 1000000
0 406 1000000
0 407 1000000
0 408 1000000
0 409 1000000
0 410 1000000
0 411 1000000
0 412 1000000
0 413 1000000
0 414 1000000
0 415 1000000
0 416 1000000
0 417 1000000
0 418 1000000
0 419 1000000
0 420 1000000
0 421 1000000
0 422 1000000
0 423 1000000
0 424 1000000
0 425 1000000
0 426 1000000
0 427 1000000
0 428 1000000
0 429 1000000
0 430 1000000
0 431 1000000
0 432 1000000
0 433 1000000
0 434 1000000
0 435 1000000
0 436 1000000
0 437 1000000
0 438 1000000
0 439 1000000
0 440 1000000
0 441 1000000
0 442 1000000
0 443 1000000
0 444 1000000
0 445 1000000
0 446 1000000
0 447 1000000
0 448 1000000
0 449 1000000
0 450 1000000
0 451 1000000
0 452 1000000
0 453 1000000
0 454 1000000
0 455 1000000
0 456 1000000
0 457 1000000
0 458 1000000
0 459 1000000
0 460 1000000
0 461 1000000
0 462 1000000
0 463 1000000
0 464 1000000
0 465 1000000
0 466 1000000
0 467 1000000
0 468 1000000
0 469 1000000
0 470 1000000
0 471 1000000
0 472 1000000
0 473 1000000
0 474 1000000
0 475 1000000
0 476 1000000
0 477 1000000
0 478 1000000
0 479 1000000
0 480 1000000
0 481 1000000
0 482 1000000
0 483 1000000
0 484 1000000
0 485 1000000
0 486 1000000
0 487 1000000
0 488 1000000
0 489 1000000
0 490 1000000
0 491 1000000
0 492 1000000
0 493 1000000
0 494 1000000
0 495 1000000
0 496 1000000
0 497 1000000
0 498 1000000
0 499 1000000
0 500 1000000
0 501 1000000
0 502 1000000
0 503 1000000
0 504 1000000
0 505 1000000
0 506 1000000
0 507 1000000
0 508 1000000
0 509 1000000
0 510 1000000
0 511 1000000
0 512 1000000
0 513 1000000
0 514 1000000
0 515 1000000
0 516 1000000
0 517 1000000
0 518 1000000
0 519 1000000
0 520 1000000
0 521 1000000
0 522 1000000
0 523 1000000
0 524 1000000
0 525 1000000
0 526 1000000
0 527 1000000
0 528 1000000
0 529 1000000
0 530 1000000
0 531 1000000
0 532 1000000
0 533 1000000
0 534 1000000
0 535 1000000
0 536 1000000
0 537 1000000
0 538 1000000
0 539 1000000
0 540 1000000
0 541 1000000
0 542 1000000
0 543 1000000
0 544 1000000
0 545 1000000
0 546 1000000
0 547 1000000
0 548 1000000
0 549 1000000
0 550 1000000
0 551 1000000
0 552 1000000
0 553 1000000
0 554 1000000
0 555 1000000
0 556 1000000
0 557 1000000
0 558 1000000
0 559 1000000
0 560 1000000
0 561 1000000
0 562 1000000
0 563 1000000
0 564 1000000
0 565 1000000
0 566 1000000
0 567 1000000
0 568 1000000
0 569 1000000
0 570 1000000
0 571 1000000
0 572 1000000
0 573 1000000
0 574 1000000
0 575 1000000
0 576 1000000
0 577 1000000
0 578 1000000
0 579 1000000
0 580 1000000
0 581 1000000
0 582 1000000
0 583 1000000
0 584 1000000
0 585 1000000
0 586 1000000
0 587 1000000
0 588 1000000
0 589 1000000
0 590 1000000
0 591 1000000
0 592 1000000
0 593 1000000
0 594 1000000
0 595 1000000
0 596 1000000
0 597 1000000
0 598 1000000
0 599 1000000
0 600 1000000
0 601 1000000
0 602 1000000
0 603 1000000
0 604 1000000
0 605 1000000
0 606 1000000
0 607 1000000
0 608 1000000
0 609 1000000
0 610 1000000
0 611 1000000
0 612 1000000
0 613 1000000
0 614 1000000
0 615 1000000
0 616 1000000
0 617 1000000
0 618 1000000
0 619 1000000
0 620 1000000
0 621 1000000
0 622 1000000
0 623 1000000
0 624 1000000
0 625 1000000
0 626 1000000
0 627 1000000
0 628 1000000
0 629 1000000
0 630 1000000
0 631 1000000
0 632 1000000
0 633 1000000
0 634 1000000
0 635 1000000
0 636 1000000
0 637 1000000
0 638 1000000
0 639 1000000
0 640 1000000
0 641 1000000
0 642 1000000
0 643 1000000
0 644 1000000
0 645 1000000
0 646 1000000
0 647 1000000
0 648 1000000
0 649 1000000
0 650 1000000
0 651 1000000
0 652 1000000
0 653 1000000
0 654 1000000
0 655 1000000
0 656 1000000
0 657 1000000
0 658 1000000
0 659 1000000
0 660 1000000
0 661 1000000
0 662 1000000
0 663 1000000
0 664 1000000
0 665 1000000
0 666 1000000
0 667 1000000
0 668 1000000
0 669 1000000
0 670 1000000
0 671 1000000
0 672 1000000
0 673 1000000
0 674 1000000
0 675 1000000
0 676 1000000
0 677 1000000
0 678 1000000
0 679 1000000
0 680 1000000
0 681 1000000
0 682 1000000
0 683 1000000
0 684 1000000
0 685 1000000
0 686 1000000
0 687 1000000
0 688 1000000
0 689 1000000
0 690 1000000
0 691 1000000
0 692 1000000
0 693 1000000
0 694 1000000
0 695 1000000
0 696 1000000
0 697 1000000
0 698 1000000
0 699 1000000
0 700 1000000
0 701 1000000
0 702 1000000
0 703 1000000
0 704 1000000
0 705 1000000
0 706 1000000
0 707 1000000
0 708 1000000
0 709 1000000
0 710 1000000
0 711 1000000
0 712 1000000
0 713 1000000
0 714 1000000
0 715 1000000
0 716 1000000
0 717 1000000
0 718 1000000
0 719 1000000
0 720 1000000
0 721 1000000
0 722 1000000
0 723 1000000
0 724 1000000
0 725 1000000
0 726 1000000
0 727 1000000
0 728 1000000
0 729 1000000
0 730 1000000
0 731 1000000
0 732 1000000
0 733 1000000
0 734 1000000
0 735 1000000
0 736 1000000
0 737 1000000
0 738 1000000
0 739 1000000
0 740 1000000
0 741 1000000
0 742 1000000
0 743 1000000
0 744 1000000
0 745 1000000
0 746 1000000
0 747 1000000
0 748 1000000
0 749 1000000
0 750 1000000
0 751 1000000
0 752 1000000
0 753 1000000
0 754 1000000
0 755 1000000
0 756 1000000
0 757 1000000
0 758 1000000
0 759 1000000
0 760 1000000
0 761 1000000
0 762 1000000
0 763 1000000
0 764 1000000
0 765 1000000
0 766 1000000
0 767 1000000
0 768 1000000
0 769 1000000
0 770 1000000
0 771 1000000
0 772 1000000
0 773 1000000
0 774 1000000
0 775 1000000
0 776 1000000
0 777 1000000
0 778 1000000
0 779 1000000
0 780 1000000
0 781 1000000
0 782 1000000
0 783 1000000
0 784 1000000
0 785 1000000
0 786 1000000
0 787 1000000
0 788 1000000
0 789 1000000
0 790 1000000
0 791 1000000
0 792 1000000
0 793 1000000
0 794 1000000
0 795 1000000
0 796 1000000
0 797 1000000
0 798 1000000
0 799 1000000
0 800 1000000
0 801 1000000
0 802 1000000
0 803 1000000
0 804 1000000
0 805 1000000
0 806 1000000
0 807 1000000
0 808 1000000
0 809 1000000
0 810 1000000
0 811 1000000
0 812 1000000
0 813 1000000
0 814 1000000
0 815 1000000
0 816 1000000
0 817 1000000
0 818 1000000
0 819 1000000
0 820 1000000
0 821 1000000
0 822 1000000
0 823 1000000
0 824 1000000
0 825 1000000
0 826 1000000
0 827 1000000
0 828 1000000
0 829 1000000
0 830 1000000
0 831 1000000
0 832 1000000
0 833 1000000
0 834 1000000
0 835 1000000
0 836 1000000
0 837 1000000
0 838 1000000
0 839 1000000
0 840 1000000
0 841 1000000
0 842 1000000
0 843 1000000
0 844 1000000
0 845 1000000
0 846 1000000
0 847 1000000
0 848 1000000
0 849 1000000
0 850 1000000
0 851 1000000
0 852 1000000
0 853 1000000
0 854 1000000
0 855 1000000
0 856 1000000
0 857 1000000
0 858 1000000
0 859 1000000
0 860 1000000
0 861 1000000
0 862 1000000
0 863 1000000
0 864 1000000
0 865 1000000
0 866 1000000
0 867 1000000
0 868 1000000
0 869 1000000
0 870 1000000
0 871 1000000
0 872 1000000
0 873 1000000
0 874 1000000
0 875 1000000
0 876 1000000
0 877 1000000
0 878 1000000
0 879 1000000
0 880 1000000
0 881 1000000
0 882 1000000
0 883 1000000
0 884 1000000
0 885 1000000
0 886 1000000
0 887 1000000
0 888 1000000
0 889 1000000
0 890 1000000
0 891 1000000
0 892 1000000
0 893 1000000
0 894 1000000
0 895 1000000
0 896 1000000
0 897 1000000
0 898 1000000
0 899 1000000
0 900 1000000
0 901 1000000
0 902 1000000
0 903 1000000
0 904 1000000
0 905 1000000
0 906 1000000
0 907 1000000
0 908 1000000
0 909 1000000
0 910 1000000
0 911 1000000
0 912 1000000
0 913 1000000
0 914 1000000
0 915 1000000
0 916 1000000
0 917 1000000
0 918 1000000
0 919 1000000
0 920 1000000
0 921 1000000
0 922 1000000
0 923 1000000
0 924 1000000
0 925 1000000
0 926 1000000
0 927 1000000
0 928 1000000
0 929 1000000
0 930 1000000
0 931 1000000
0 932 1000000
0 933 1000000
0 934 1000000
0 935 1000000
0 936 1000000
0 937 1000000
0 938 1000000
0 939 1000000
0 940 1000000
0 941 1000000
0 942 1000000
0 943 1000000
0 944 1000000
0 945 1000000
0 946 1000000
0 947 1000000
0 948 1000000
0 949 1000000
0 950 1000000
0 951 1000000
0 952 1000000
0 953 1000000
0 954 1000000
0 955 1000000
0 956 1000000
0 957 1000000
0 958 1000000
0 959 1000000
0 960 1000000
0 961 1000000
0 962 1000000
0 963 1000000
0 964 1000000
0 965 1000000
0 966 1000000
0 967 1000000
0 968 1000000
0 969 1000000
0 970 1000000
0 971 1000000
0 972 1000000
0 973 1000000
0 974 1000000
0 975 1000000
0 976 1000000
0 977 1000000
0 978 1000000
0 979 1000000
0 980 1000000
0 981 1000000
0 982 1000000
0 983 1000000
0 984 1000000
0 985 1000000
0 986 1000000
0 987 1000000
0 988 1000000
0 989 1000000
0 990 1000000
0 991 1000000
0 992 1000000
0 993 1000000
0 994 1000000
0 995 1000000
0 996 1000000
0 997 1000000
0 998 1000000
0 999 1000000
1 2 3 4 5 6 7 8 9 10 11 12 13 14 15 16 17 18 19 20 21 22 23 24 25 26 27 28 29 30 31 32 33 34 35 36 37 38 39 40 41 42 43 44 45 46 47 48 49 50 51 52 53 54 55 56 57 58 59 60 61 62 63 64 65 66 67 68 69 70 71 72 73 74 75 76 77 78 79 80 81 82 83 84 85 86 87 88 89 90 91 92 93 94 95 96 97 98 99 100 101 102 103 104 105 106 107 108 109 110 111 112 113 114 115 116 117 118 119 120 121 122 123 124 125 126 127 128 129 130 131 132 133 134 135 136 137 138 139 140 141 142 143 144 145 146 147 148 149 150 151 152 153 154 155 156 157 158 159 160 161 162 163 164 165 166 167 168 169 170 171 172 173 174 175 176 177 178 179 180 181 182 183 184 185 186 187 188 189 190 191 192 193 194 195 196 197 198 199 200 201 202 203 204 205 206 207 208 209 210 211 212 213 214 215 216 217 218 219 220 221 222 223 224 225 226 227 228 229 230 231 232 233 234 235 236 237 238 239 240 241 242 243 244 245 246 247 248 249 250 251 252 253 254 255 256 257 258 259 260 261 262 263 264 265 266 267 268 269 270 271 272 273 274 275 276 277 278 279 280 281 282 283 284 285 286 287 288 289 290 291 292 293 294 295 296 297 298 299 300 301 302 303 304 305 306 307 308 309 310 311 312 313 314 315 316 317 318 319 320 321 322 323 324 325 326 327 328 329 330 331 332 333 334 335 336 337 338 339 340 341 342 343 344 345 346 347 348 349 350 351 352 353 354 355 356 357 358 359 360 361 362 363 364 365 366 367 368 369 370 371 372 373 374 375 376 377 378 379 380 381 382 383 384 385 386 387 388 389 390 391 392 393 394 395 396 397 398 399 400 401 402 403 404 405 406 407 408 409 410 411 412 413 414 415 416 417 418 419 420 421 422 423 424 425 426 427 428 429 430 431 432 433 434 435 436 437 438 439 440 441 442 443 444 445 446 447 448 449 450 451 452 453 454 455 456 457 458 459 460 461 462 463 464 465 466 467 468 469 470 471 472 473 474 475 476 477 478 479 480 481 482 483 484 485 486 487 488 489 490 491 492 493 494 495 496 497 498 499 500 501 502 503 504 505 506 507 508 509 510 511 512 513 514 515 516 517 518 519 520 521 522 523 524 525 526 527 528 529 530 531 532 533 534 535 536 537 538 539 540 541 542 543 544 545 546 547 548 549 550 551 552 553 554 555 556 557 558 559 560 561 562 563 564 565 566 567 568 569 570 571 572 573 574 575 576 577 578 579 580 581 582 583 584 585 586 587 588 589 590 591 592 593 594 595 596 597 598 599 600 601 602 603 604 605 606 607 608 609 610 611 612 613 614 615 616 617 618 619 620 621 622 623 624 625 626 627 628 629 630 631 632 633 634 635 636 637 638 639 640 641 642 643 644 645 646 647 648 649 650 651 652 653 654 655 656 657 658 659 660 661 662 663 664 665 666 667 668 669 670 671 672 673 674 675 676 677 678 679 680 681 682 683 684 685 686 687 688 689 690 691 692 693 694 695 696 697 698 699 700 701 702 703 704 705 706 707 708 709 710 711 712 713 714 715 716 717 718 719 720 721 722 723 724 725 726 727 728 729 730 731 732 733 734 735 736 737 738 739 740 741 742 743 744 745 746 747 748 749 750 751 752 753 754 755 756 757 758 759 760 761 762 763 764 765 766 767 768 769 770 771 772 773 774 775 776 777 778 779 780 781 782 783 784 785 786 787 788 789 790 791 792 793 794 795 796 797 798 799 800 801 802 803 804 805 806 807 808 809 810 811 812 813 814 815 816 817 818 819 820 821 822 823 824 825 826 827 828 829 830 831 832 833 834 835 836 837 838 839 840 841 842 843 844 845 846 847 848 849 850 851 852 853 854 855 856 857 858 859 860 861 862 863 864 865 866 867 868 869 870 871 872 873 874 875 876 877 878 879 880 881 882 883 884 885 886 887 888 889 890 891 892 893 894 895 896 897 898 899 900 901 902 903 904 905 906 907 908 909 910 911 912 913 914 915 916 917 918 919 920 921 922 923 924 925 926 927 928 929 930 931 932 933 934 935 936 937 938 939 940 941 942 943 944 945 946 947 948 949 950 951 952 953 954 955 956 957 958 959 960 961 962 963 964 965 966 967 968 969 970 971 972 973 974 975 976 977 978 979 980 981 982 983 984 985 986 987 988 989 990 991 992 993 994 995 996 997 998 999
