934 131
0 514 460826
514 422 260889
514 861 371333
861 344 133504
344 386 312827
386 114 114870
386 527 349204
386 681 697914
681 200 417725
681 677 135272
200 372 867739
200 453 413265
200 277 841359
677 682 157658
677 750 941476
453 345 902271
277 366 401724
277 466 66828
277 650 786990
682 507 908220
750 561 270887
366 139 697205
650 460 241986
650 247 257823
561 557 601743
561 840 495459
561 1 592827
247 199 718458
247 36 785900
557 269 845209
557 615 666410
1 760 555147
36 829 121022
269 98 146810
760 644 935616
829 580 991437
644 853 903303
644 531 737029
580 587 138707
853 338 934232
531 302 105228
531 506 498028
587 429 336027
587 596 253536
587 394 605781
587 616 246094
338 275 962215
506 643 993895
506 471 47899
506 827 769464
596 235 792865
394 134 29079
616 282 752544
275 14 259982
275 285 548291
275 752 359148
643 603 730347
471 348 888004
471 149 464455
471 370 246724
827 86 413020
827 904 626653
827 567 643959
235 513 136393
134 739 407188
282 883 199170
282 620 416939
282 356 961017
14 123 745308
285 548 290937
752 346 776754
149 350 50358
370 660 816850
86 89 625308
86 391 947129
86 322 194494
904 274 271999
904 702 33091
567 908 139388
567 96 316129
739 47 107342
883 400 964224
883 281 512797
620 711 279541
356 591 435797
346 290 887497
346 692 923298
350 12 595396
350 608 787899
660 180 681345
322 43 417327
322 232 241490
702 178 893677
702 97 491443
96 342 480121
96 792 326961
281 441 644924
281 434 550991
711 280 204712
711 396 334884
711 436 56232
711 891 358197
591 577 94923
591 680 407178
591 755 655164
591 225 791937
591 388 722785
692 503 484531
608 49 891357
608 793 534696
608 667 313910
180 254 657389
180 169 83076
180 76 379603
43 287 17027
43 421 494043
232 774 459497
97 572 191982
342 351 581460
342 264 43410
792 520 445838
792 857 627855
434 202 616657
434 205 487099
434 448 790511
434 57 369765
280 177 616583
436 38 521247
436 221 872656
891 390 97716
891 256 510246
577 607 962943
680 102 730730
680 111 976979
755 594 198223
225 397 324665
388 769 834667
388 869 476414
503 751 743644
49 619 437530
667 71 11204
667 480 772312
667 358 265085
254 289 78938
169 59 767752
76 359 197519
76 4 528239
774 469 729223
572 224 425010
351 138 973706
351 409 431667
351 896 945728
264 340 411629
520 347 267548
857 90 486376
857 574 37050
857 877 602004
857 413 515596
205 175 811341
448 192 137234
448 292 498189
448 362 907884
448 579 688822
448 714 841378
448 738 841275
57 132 317481
57 626 674287
57 670 856558
57 799 855254
390 109 717610
256 815 716258
594 624 523271
397 836 885819
397 237 294425
869 193 647592
869 848 620116
751 879 272307
751 783 236109
480 710 370506
358 236 179638
358 384 762201
358 599 950948
289 303 347384
59 329 809171
359 143 72083
4 639 396263
4 812 601174
4 911 237365
224 663 18269
224 687 391804
224 776 284113
224 305 963647
138 270 307886
896 632 258486
340 435 426249
90 365 432895
90 509 232715
574 539 86562
877 461 327319
413 257 640152
413 808 264478
413 163 563973
175 528 918995
292 53 911571
292 297 787519
579 606 677526
738 72 890078
132 9 327808
799 308 844575
799 849 776087
624 736 214740
237 592 71123
193 240 726895
193 404 789658
193 733 80351
848 491 301092
879 316 341065
783 686 510243
783 786 402822
783 642 834138
710 48 62876
599 645 965362
599 311 488036
599 584 476852
303 818 675723
329 176 171713
329 893 507348
143 771 37495
911 930 964550
663 378 868986
305 723 425520
305 673 504085
632 562 923224
435 627 123310
435 610 587686
435 778 404225
509 140 884490
509 158 200469
539 565 741136
539 389 389383
539 298 866975
257 446 35072
808 68 828204
163 563 310780
606 251 612510
72 124 689082
9 438 950160
736 376 883871
736 424 201792
592 227 930653
592 701 241142
491 631 957122
491 334 440208
491 425 36366
316 216 515574
316 571 603506
686 355 141052
786 137 749856
642 918 524413
645 191 607632
311 524 549485
584 327 203008
584 855 803016
176 685 203232
673 399 267799
673 819 990908
562 443 663716
562 838 675345
562 276 522043
610 788 980978
778 573 161719
389 144 118075
389 795 398881
298 850 937876
68 628 305815
563 260 491065
563 800 576972
124 314 258923
124 540 224765
438 66 976701
424 709 712589
701 431 811741
334 173 234975
334 753 891759
425 23 143099
425 824 885872
425 104 428218
216 8 24238
571 493 408252
137 310 736339
918 228 302086
918 705 571209
524 876 397853
855 64 375884
685 414 160910
399 720 249291
443 185 824490
838 183 569733
276 854 828125
573 756 91301
144 234 732270
628 798 671489
260 860 540509
800 478 581677
800 917 416261
540 578 427880
540 764 822675
66 367 434304
709 766 518617
709 704 607087
709 65 619348
431 284 622515
753 550 866366
23 87 566795
104 117 17558
8 510 70063
493 339 2451
493 387 84022
310 846 536066
228 279 237465
64 581 56014
64 716 719605
414 496 865011
720 811 787594
185 525 401127
185 662 477399
854 430 300080
854 500 893606
756 659 104169
756 806 790577
234 452 109594
234 583 334860
234 675 245577
798 373 589490
798 611 37441
798 612 239691
917 119 883858
917 852 994227
704 267 281940
65 804 830623
284 16 36273
284 222 364341
284 107 729437
284 661 829892
550 223 403534
550 85 643403
117 777 463155
117 330 592423
510 233 722779
339 261 653627
339 455 261584
387 457 201694
846 839 253738
279 475 15810
581 226 141698
716 211 526226
716 874 680843
716 371 989025
525 483 859670
662 622 720756
430 125 249408
500 696 427958
806 494 278970
806 825 425400
806 654 939646
806 828 529691
611 6 164238
611 553 888154
119 830 566724
852 605 569641
852 597 731237
852 84 298519
267 159 549942
267 19 585453
107 649 496174
661 55 185772
661 380 342407
223 564 711538
85 81 84317
85 78 315876
85 892 780225
85 165 936440
777 801 230949
330 252 433351
330 544 855740
330 636 694233
330 881 687865
457 121 560879
457 914 767434
211 634 881817
211 715 260974
371 708 217163
371 25 983038
125 120 531202
125 501 213512
494 363 477426
825 63 686079
825 833 734856
654 368 242813
654 747 348833
828 126 602692
605 867 698364
597 296 541096
597 617 744828
597 841 481122
84 95 971687
84 115 201389
159 15 719206
19 44 644441
19 773 143439
380 920 361795
564 171 81162
81 379 845450
78 187 106004
78 203 633751
892 229 535559
892 823 233988
165 890 961794
165 241 392448
544 258 762516
544 582 67195
881 40 354378
708 195 326245
25 332 815123
25 437 509999
63 726 634902
833 768 875217
747 73 599830
126 249 256544
126 730 859035
867 535 637929
296 213 396638
617 412 882137
617 385 533375
841 889 97590
115 266 976467
115 585 348365
15 179 52144
920 161 333649
171 440 514005
203 558 121746
229 94 765670
229 745 987089
823 459 310741
890 791 846035
241 141 806742
241 312 300595
258 304 388009
40 423 238014
40 30 823415
195 291 434298
437 722 871967
437 894 453956
437 901 664833
768 337 100779
73 552 714539
73 737 38294
73 886 882620
730 401 522468
730 600 659310
730 925 709716
535 354 897292
213 706 537215
412 445 133012
385 369 908968
889 464 439800
889 473 390562
585 92 177516
585 83 860007
585 156 485866
161 259 981130
440 26 45912
745 479 24399
791 75 685249
312 293 513441
312 757 788676
423 271 827349
423 508 929222
423 410 17172
423 70 958540
423 602 988798
30 789 898854
30 333 821226
291 657 736041
722 324 408004
894 864 120186
894 862 63820
552 588 323193
600 486 535356
925 743 838802
706 721 879701
369 188 780949
473 834 670
473 790 767898
92 647 112863
83 630 797797
156 172 333614
156 871 417755
75 243 849267
75 787 659026
757 697 281251
757 903 929090
757 56 844656
410 374 109738
70 245 891628
70 873 144042
602 749 22519
789 110 368665
789 2 579219
333 575 107182
333 598 273106
862 99 780158
721 27 453106
721 880 102411
188 170 134476
188 835 5712
188 415 129075
834 754 129634
790 294 805129
790 52 14745
647 186 513831
630 847 671572
630 927 549020
871 679 519509
243 474 965993
243 694 736932
787 551 830660
903 566 29809
903 361 383093
56 728 800432
56 759 944815
374 62 654701
245 207 864595
873 164 70121
749 913 179904
749 130 492182
110 614 904004
110 744 931114
110 902 343843
2 108 455691
598 928 448905
99 174 244788
99 868 582929
415 341 185081
415 383 929005
754 746 372275
52 80 429483
847 519 908806
927 82 437503
927 772 574307
679 842 976401
679 933 14458
474 609 307843
551 210 532202
566 490 651220
361 732 680914
728 101 809483
728 814 694375
759 816 541160
62 521 596680
164 20 696512
913 265 689169
913 526 680015
130 201 46864
744 326 176672
108 220 672613
108 495 371535
174 133 797412
383 665 736982
383 924 168630
746 357 605745
746 931 438864
80 50 202258
80 637 992391
519 60 480213
772 465 289309
490 595 134404
732 375 160942
101 554 342783
816 364 748429
521 197 977970
521 689 951420
20 35 389583
20 712 831382
201 843 857409
201 489 815826
201 113 99178
326 352 296692
495 456 874527
495 919 854094
133 335 404139
133 522 677395
931 41 963508
637 317 911976
637 533 675150
637 698 666293
637 858 669857
375 343 294545
375 684 134168
554 699 266346
364 189 134221
197 150 807164
712 664 303465
843 646 884058
489 821 534878
113 218 910813
456 589 173297
919 724 792253
522 7 922393
41 537 801103
698 518 837495
698 763 18216
858 268 499711
858 909 228228
858 727 999177
858 393 39762
343 131 42271
684 569 203934
684 671 910854
684 148 126870
684 899 199916
699 215 970366
699 447 493999
189 88 364178
189 320 251540
189 638 673437
821 411 364321
821 450 226713
218 321 824402
724 656 228904
7 288 679988
7 831 750345
763 206 343819
763 767 814017
763 77 692364
763 907 375920
727 112 422646
727 406 210868
727 299 985518
393 395 449068
393 477 513301
131 417 274889
131 872 347353
148 286 913464
148 775 500752
447 640 675156
88 122 241269
88 242 292222
638 691 645810
450 844 844222
321 802 156998
288 37 435319
288 54 778587
767 31 89701
77 734 738093
406 482 124328
299 145 951436
299 837 144125
477 729 69224
477 28 623954
417 328 687340
417 653 793864
872 439 342870
691 669 171931
691 3 422099
844 779 206252
844 826 654396
802 481 74277
802 212 50911
802 885 779528
54 416 888575
31 246 919001
31 181 405212
31 658 178917
734 449 740475
734 740 765556
482 382 145401
482 693 957957
837 405 481740
28 690 797696
28 516 218297
28 884 453739
3 810 29381
3 168 371473
779 805 211218
826 128 26145
826 593 457165
212 13 587022
212 604 634644
885 916 883647
416 451 88022
416 782 281135
246 51 130969
181 331 764150
658 209 160628
658 231 46369
740 865 614147
382 309 836234
693 859 827498
405 851 706518
516 725 94862
516 780 852046
516 781 324259
884 832 760904
810 127 626017
810 817 259272
168 731 536234
168 717 584266
593 106 761240
593 613 182222
13 319 679261
604 91 659134
604 641 776644
916 543 977508
451 470 66921
782 353 587201
331 442 602771
331 462 105419
865 499 236276
309 762 874439
309 549 645890
851 623 825014
851 301 739415
851 17 298360
781 758 431154
781 5 280176
832 45 152502
832 472 281846
817 392 998972
717 576 850211
717 458 901635
641 272 158791
543 93 17077
543 263 764103
470 504 819132
462 336 979936
549 502 651585
301 21 130924
301 428 295493
301 621 595140
17 542 862830
17 601 356569
5 300 8515
5 512 793185
5 678 199014
45 560 102757
472 887 228129
392 103 881060
458 208 501122
458 239 232590
458 910 75057
458 100 213660
504 420 422415
502 813 501789
621 151 1968
542 536 7907
601 34 128128
601 325 570962
601 69 138477
601 906 880953
678 929 775012
560 568 98306
887 900 98168
103 403 848313
239 655 745638
910 529 142470
100 105 992744
100 703 849526
100 922 3756
100 194 186505
151 155 342955
151 468 817303
151 79 780308
151 418 993165
325 809 573315
69 794 938277
69 484 701743
69 719 932347
906 39 453805
906 278 794703
929 42 20754
568 29 391532
568 796 642157
900 118 130315
900 67 856289
403 467 669522
655 318 638669
655 822 462108
703 515 914455
922 167 330867
194 770 182818
194 820 35822
194 244 113429
79 10 267848
418 555 819709
418 748 413817
418 863 864552
794 556 536241
484 870 998454
719 905 255907
719 921 689989
39 625 349053
39 807 280540
278 61 159024
278 666 855910
42 11 764717
42 683 786827
67 230 980347
67 238 721930
67 166 697604
467 407 873550
244 895 398701
10 897 762808
863 882 612591
863 498 780851
556 700 748500
921 315 812571
625 586 352208
807 349 104461
61 307 405378
666 306 362953
666 898 201372
666 923 213429
683 18 261996
683 648 833447
230 74 517991
238 845 567567
166 129 120471
166 676 897321
166 476 98947
407 146 886857
895 651 430088
895 785 73476
895 454 313837
498 24 948913
700 116 678107
315 184 327763
349 250 279733
307 262 17835
307 22 490144
307 674 132716
306 505 102542
923 255 896130
18 570 398927
648 517 917410
648 444 223731
676 488 618729
676 381 27633
476 377 844371
146 672 982987
785 784 434178
454 182 611116
24 635 79499
24 323 706839
116 253 301620
184 408 535232
22 559 949610
505 162 119758
505 761 853774
255 204 754412
444 248 355946
444 856 784939
381 695 404373
377 219 511515
377 866 361241
182 541 205819
182 538 34072
182 633 866089
323 432 403921
408 741 70546
204 295 322912
856 196 989677
695 360 773867
866 135 447412
866 190 134396
538 713 363815
633 652 810643
633 926 694548
432 217 917161
741 433 549001
741 797 964751
741 283 901149
196 803 931788
196 487 375495
360 147 41068
135 523 996770
135 511 713062
135 912 368140
190 273 713722
190 932 777775
926 419 965877
926 742 972852
217 142 86599
217 160 382583
217 497 191300
797 152 686631
797 485 748874
283 136 77455
283 875 616429
487 154 495709
511 32 359365
511 718 677474
419 618 624804
742 530 646773
497 735 319882
497 668 842985
136 426 33945
136 547 685350
154 153 642689
154 532 106851
718 546 799364
618 33 227975
618 629 495886
668 157 988491
668 688 886305
426 402 435587
547 198 694147
532 313 76515
33 545 456384
688 765 363210
402 398 322285
198 46 983938
313 427 122861
313 534 302365
765 463 478353
765 915 603335
534 492 93058
534 58 606870
463 590 884451
492 707 588192
58 214 187619
58 878 642603
590 888 448785
478 172 627 427 805 372 818 263 764 290 924 102 252 442 336 21 287 623 536 570 901 675 183 649 191 114 840 672 773 328 261 460 928 363 123 533 697 127 653 529 302 860 220 186 304 250 140 830 365 335 53 743 145 530 813 849 150 105 518 874 705 221 35 634 897 249 558 548 367 512 886 636 122 187 803 106 160 588 576 809 609 801 819 824 227 626 898 762 147 222 295 776 651 893 481 850 657 726 420 357 908 60 433 139 822 578 409 737 401 347 286 694 468 523 439 55 725 905 723 112 50 613 555 273 875 814 38 537 353 780 715
