442 152
0 3 18010
0 136 434890
3 239 626275
3 308 823418
3 170 919663
136 404 751637
136 107 338203
239 118 148472
308 179 49309
308 217 567536
170 244 198044
404 102 830605
107 269 186460
118 115 970312
217 70 520845
217 77 588946
244 300 340288
102 289 2362
102 315 111626
102 296 481741
269 354 355786
269 294 121748
115 128 18611
115 132 255688
115 411 429408
77 68 340795
77 352 678907
300 304 421837
300 440 851393
296 370 241090
354 371 564933
294 62 688948
294 280 685816
132 99 462748
132 299 26826
352 252 969415
304 330 219453
370 82 561849
371 211 981378
371 204 389670
280 130 906796
280 240 855973
280 385 253009
252 189 913991
252 355 696016
330 110 840367
204 93 898331
130 127 945451
240 368 972311
385 351 314127
385 90 779844
355 52 280146
110 367 187982
110 21 228029
93 162 461112
351 51 598590
351 75 91639
90 183 436979
90 365 332870
52 401 852895
52 408 803231
367 241 618769
21 433 7577
162 386 982443
162 9 947826
51 58 394458
75 124 882639
183 439 46796
365 5 745988
365 432 738390
365 201 955629
401 210 519634
401 71 96458
401 392 553759
401 129 247692
408 214 513946
241 49 673724
433 221 324030
433 105 159608
9 53 200993
9 174 865005
9 80 392239
9 431 220010
439 410 425772
5 226 144516
5 254 982048
432 60 914529
201 323 392056
201 310 414207
71 287 363323
392 83 346774
129 321 219733
129 286 837792
129 423 422065
129 213 259335
214 197 835441
214 297 813786
214 142 811839
105 141 890884
105 38 863189
80 79 277053
431 246 109177
431 360 829015
410 73 706309
226 72 469093
226 112 39743
254 24 633118
254 319 395210
254 34 306851
310 242 708095
287 29 774484
286 422 27299
213 138 94295
213 361 215078
297 313 228460
142 7 309455
142 277 890240
38 186 161182
38 437 342987
79 268 939643
360 245 361763
360 414 833064
73 265 307139
72 89 64783
72 340 118278
112 164 804846
112 30 911809
34 403 336297
34 417 233667
242 121 385404
242 288 333837
422 87 649333
361 209 428221
313 19 513756
313 28 408489
313 284 771707
277 281 780158
437 406 590925
268 175 849755
245 261 896152
414 430 686564
265 303 683033
30 397 409417
403 311 264930
417 250 900730
417 108 963124
121 378 924969
121 231 938961
288 140 657737
288 434 331979
209 324 971232
209 229 600667
209 428 51623
28 44 280806
284 199 402201
284 266 755373
284 271 690653
281 177 136647
406 45 118400
430 125 452125
430 31 977508
430 307 845834
108 2 199394
231 383 125490
231 86 467598
140 69 339534
140 292 501663
140 25 830189
434 251 191669
324 59 604287
229 228 95324
428 233 177987
271 276 99356
177 95 994140
45 412 907285
45 262 6556
125 144 873958
125 274 715998
31 154 881682
31 222 890859
31 27 962361
307 88 976598
2 134 251399
86 22 79416
69 17 297592
69 152 604840
292 109 762179
25 253 51996
251 350 749235
251 103 204627
59 318 751920
228 219 883658
276 39 712183
276 137 130482
276 143 744232
276 391 75906
95 438 416666
262 424 106935
144 10 958677
154 290 656805
154 301 76582
222 327 159685
27 320 197064
88 421 294026
134 309 931934
22 50 412622
22 325 219347
22 23 768270
22 384 725287
109 98 233280
253 42 4797
253 337 429769
103 322 560601
103 139 410717
103 187 981791
103 114 803273
219 191 404890
219 135 824458
39 65 22698
137 190 892346
143 120 625947
143 133 807641
391 76 115
438 37 435793
301 155 240908
320 176 405480
309 149 720397
325 96 743789
23 356 884350
23 364 992959
23 389 780798
384 64 144252
337 78 258552
337 312 854671
337 230 303014
139 346 411888
187 236 527701
187 263 85048
187 418 780930
187 126 436431
114 188 615733
191 205 508049
135 160 830516
135 316 150116
135 427 99041
133 216 558095
76 66 627856
76 429 819228
37 353 457038
155 84 683608
176 379 614213
149 362 949023
364 131 267587
389 285 786943
389 91 225096
64 13 457154
64 398 108782
230 419 456606
346 146 248459
346 420 65465
126 122 436787
126 6 507055
188 247 260503
316 57 60253
316 329 801515
427 145 110827
427 413 80761
66 345 164821
429 104 521021
429 11 885210
362 206 182814
362 147 120424
91 326 274903
398 212 25829
122 256 30740
122 291 720700
6 381 407789
6 15 622430
247 317 735605
247 192 329242
247 302 859654
329 106 127662
329 178 589476
104 26 98344
11 167 544035
147 92 802165
326 248 912436
256 283 905595
291 74 859878
291 314 800820
291 388 686637
381 172 370571
381 347 456030
15 111 848619
15 157 13213
15 436 397468
192 63 281091
192 275 940216
192 375 682933
302 202 621497
302 185 393475
106 334 822192
178 395 650508
167 336 190216
92 338 575071
248 113 117371
283 40 733749
283 393 230524
283 394 593858
314 100 961376
388 227 896081
347 235 779060
347 249 842556
347 163 741852
347 165 10983
111 195 896108
157 158 484274
436 426 511791
63 243 310384
275 35 48225
275 387 423534
375 232 250764
375 258 182765
375 405 304878
202 273 218192
185 33 904395
185 279 114241
395 32 579385
336 46 548811
338 200 595611
113 159 514625
113 349 730833
113 377 412125
227 293 85263
235 116 290256
235 343 766456
249 123 380330
163 373 726393
165 203 251216
165 396 639980
158 376 760806
426 171 55103
35 358 892116
387 374 723152
258 342 220306
33 339 520008
279 1 77273
279 220 404346
32 270 989200
200 407 993377
293 331 897637
116 61 550984
343 335 528244
123 12 263512
123 67 706366
123 36 121804
373 366 172909
203 415 778631
396 207 335596
396 416 749916
171 180 454242
339 41 49231
339 166 839629
1 148 685479
1 234 403672
1 14 589352
220 272 280728
220 441 807396
270 193 401964
407 101 429091
407 267 869967
331 382 105716
331 402 855974
335 97 35747
12 16 992516
36 194 72975
36 369 772503
36 282 15574
366 341 943575
415 169 924825
415 333 785250
416 357 699107
180 306 264366
166 363 896114
148 218 202467
148 225 856232
14 359 201534
272 400 719056
441 380 93075
193 182 888268
193 208 20115
402 85 618882
194 328 479462
369 56 753168
369 298 883896
282 47 681330
282 94 327402
341 48 652198
357 55 687401
357 18 762580
306 117 593386
363 184 98166
225 198 906754
400 255 682107
380 372 841969
182 196 114577
208 54 46307
94 8 991134
48 399 226414
18 259 773701
18 153 365437
117 305 118372
184 156 172349
255 43 788872
255 260 796502
54 278 710327
54 409 299126
8 264 217800
399 151 783411
259 215 904060
153 435 960517
305 181 547559
305 238 776943
260 20 899753
409 161 432336
409 348 4378
409 425 21258
264 390 756345
215 344 327958
435 168 124176
181 257 408852
238 295 727506
20 150 557414
425 237 394619
344 223 346005
295 173 618393
150 119 296262
237 332 566125
223 4 546158
173 224 716769
332 81 380651
394 421 168 199 10 119 205 246 212 359 224 290 319 419 234 56 423 250 413 131 29 216 368 60 261 169 19 386 189 49 151 342 83 315 328 85 303 377 179 340 424 350 198 46 26 327 74 322 24 47 190 99 233 42 323 274 321 263 196 57 100 273 81 175 160 376 345 312 348 4 334 65 374 61 124 383 97 78 7 311 50 382 68 87 195 257 289 207 53 41 43 210 397 138 89 17 378 44 98 411 440 40 420 353 405 418 243 379 299 152 55 218 62 317 232 161 197 333 349 67 267 211 70 358 84 390 236 266 172 13 186 221 278 156 393 127 285 16 412 206 146 141 356 128 372 174 101 318 164 120 145 58
