513 129
0 1 1
0 2 1
1 3 1
1 4 1
2 5 1
2 6 1
3 7 1
3 8 1
4 9 1
4 10 1
5 11 1
5 12 1
6 13 1
6 14 1
7 15 1
7 16 1
8 17 1
8 18 1
9 19 1
9 20 1
10 21 1
10 22 1
11 23 1
11 24 1
12 25 1
12 26 1
13 27 1
13 28 1
14 29 1
14 30 1
15 31 1
15 32 1
16 33 1
16 34 1
17 35 1
17 36 1
18 37 1
18 38 1
19 39 1
19 40 1
20 41 1
20 42 1
21 43 1
21 44 1
22 45 1
22 46 1
23 47 1
23 48 1
24 49 1
24 50 1
25 51 1
25 52 1
26 53 1
26 54 1
27 55 1
27 56 1
28 57 1
28 58 1
29 59 1
29 60 1
30 61 1
30 62 1
31 63 1
31 64 1
32 65 1
32 66 1
33 67 1
33 68 1
34 69 1
34 70 1
35 71 1
35 72 1
36 73 1
36 74 1
37 75 1
37 76 1
38 77 1
38 78 1
39 79 1
39 80 1
40 81 1
40 82 1
41 83 1
41 84 1
42 85 1
42 86 1
43 87 1
43 88 1
44 89 1
44 90 1
45 91 1
45 92 1
46 93 1
46 94 1
47 95 1
47 96 1
48 97 1
48 98 1
49 99 1
49 100 1
50 101 1
50 102 1
51 103 1
51 104 1
52 105 1
52 106 1
53 107 1
53 108 1
54 109 1
54 110 1
55 111 1
55 112 1
56 113 1
56 114 1
57 115 1
57 116 1
58 117 1
58 118 1
59 119 1
59 120 1
60 121 1
60 122 1
61 123 1
61 124 1
62 125 1
62 126 1
63 127 1
63 128 1
64 129 1
64 130 1
65 131 1
65 132 1
66 133 1
66 134 1
67 135 1
67 136 1
68 137 1
68 138 1
69 139 1
69 140 1
70 141 1
70 142 1
71 143 1
71 144 1
72 145 1
72 146 1
73 147 1
73 148 1
74 149 1
74 150 1
75 151 1
75 152 1
76 153 1
76 154 1
77 155 1
77 156 1
78 157 1
78 158 1
79 159 1
79 160 1
80 161 1
80 162 1
81 163 1
81 164 1
82 165 1
82 166 1
83 167 1
83 168 1
84 169 1
84 170 1
85 171 1
85 172 1
86 173 1
86 174 1
87 175 1
87 176 1
88 177 1
88 178 1
89 179 1
89 180 1
90 181 1
90 182 1
91 183 1
91 184 1
92 185 1
92 186 1
93 187 1
93 188 1
94 189 1
94 190 1
95 191 1
95 192 1
96 193 1
96 194 1
97 195 1
97 196 1
98 197 1
98 198 1
99 199 1
99 200 1
100 201 1
100 202 1
101 203 1
101 204 1
102 205 1
102 206 1
103 207 1
103 208 1
104 209 1
104 210 1
105 211 1
105 212 1
106 213 1
106 214 1
107 215 1
107 216 1
108 217 1
108 218 1
109 219 1
109 220 1
110 221 1
110 222 1
111 223 1
111 224 1
112 225 1
112 226 1
113 227 1
113 228 1
114 229 1
114 230 1
115 231 1
115 232 1
116 233 1
116 234 1
117 235 1
117 236 1
118 237 1
118 238 1
119 239 1
119 240 1
120 241 1
120 242 1
121 243 1
121 244 1
122 245 1
122 246 1
123 247 1
123 248 1
124 249 1
124 250 1
125 251 1
125 252 1
126 253 1
126 254 1
127 255 1
127 256 1
128 257 1
128 258 1
129 259 1
129 260 1
130 261 1
130 262 1
131 263 1
131 264 1
132 265 1
132 266 1
133 267 1
133 268 1
134 269 1
134 270 1
135 271 1
135 272 1
136 273 1
136 274 1
137 275 1
137 276 1
138 277 1
138 278 1
139 279 1
139 280 1
140 281 1
140 282 1
141 283 1
141 284 1
142 285 1
142 286 1
143 287 1
143 288 1
144 289 1
144 290 1
145 291 1
145 292 1
146 293 1
146 294 1
147 295 1
147 296 1
148 297 1
148 298 1
149 299 1
149 300 1
150 301 1
150 302 1
151 303 1
151 304 1
152 305 1
152 306 1
153 307 1
153 308 1
154 309 1
154 310 1
155 311 1
155 312 1
156 313 1
156 314 1
157 315 1
157 316 1
158 317 1
158 318 1
159 319 1
159 320 1
160 321 1
160 322 1
161 323 1
161 324 1
162 325 1
162 326 1
163 327 1
163 328 1
164 329 1
164 330 1
165 331 1
165 332 1
166 333 1
166 334 1
167 335 1
167 336 1
168 337 1
168 338 1
169 339 1
169 340 1
170 341 1
170 342 1
171 343 1
171 344 1
172 345 1
172 346 1
173 347 1
173 348 1
174 349 1
174 350 1
175 351 1
175 352 1
176 353 1
176 354 1
177 355 1
177 356 1
178 357 1
178 358 1
179 359 1
179 360 1
180 361 1
180 362 1
181 363 1
181 364 1
182 365 1
182 366 1
183 367 1
183 368 1
184 369 1
184 370 1
185 371 1
185 372 1
186 373 1
186 374 1
187 375 1
187 376 1
188 377 1
188 378 1
189 379 1
189 380 1
190 381 1
190 382 1
191 383 1
191 384 1
192 385 1
192 386 1
193 387 1
193 388 1
194 389 1
194 390 1
195 391 1
195 392 1
196 393 1
196 394 1
197 395 1
197 396 1
198 397 1
198 398 1
199 399 1
199 400 1
200 401 1
200 402 1
201 403 1
201 404 1
202 405 1
202 406 1
203 407 1
203 408 1
204 409 1
204 410 1
205 411 1
205 412 1
206 413 1
206 414 1
207 415 1
207 416 1
208 417 1
208 418 1
209 419 1
209 420 1
210 421 1
210 422 1
211 423 1
211 424 1
212 425 1
212 426 1
213 427 1
213 428 1
214 429 1
214 430 1
215 431 1
215 432 1
216 433 1
216 434 1
217 435 1
217 436 1
218 437 1
218 438 1
219 439 1
219 440 1
220 441 1
220 442 1
221 443 1
221 444 1
222 445 1
222 446 1
223 447 1
223 448 1
224 449 1
224 450 1
225 451 1
225 452 1
226 453 1
226 454 1
227 455 1
227 456 1
228 457 1
228 458 1
229 459 1
229 460 1
230 461 1
230 462 1
231 463 1
231 464 1
232 465 1
232 466 1
233 467 1
233 468 1
234 469 1
234 470 1
235 471 1
235 472 1
236 473 1
236 474 1
237 475 1
237 476 1
238 477 1
238 478 1
239 479 1
239 480 1
240 481 1
240 482 1
241 483 1
241 484 1
242 485 1
242 486 1
243 487 1
243 488 1
244 489 1
244 490 1
245 491 1
245 492 1
246 493 1
246 494 1
247 495 1
247 496 1
248 497 1
248 498 1
249 499 1
249 500 1
250 501 1
250 502 1
251 503 1
251 504 1
252 505 1
252 506 1
253 507 1
253 508 1
254 509 1
254 510 1
255 511 1
255 512 1
256 258 260 262 264 266 268 270 272 274 276 278 280 282 284 286 288 290 292 294 296 298 300 302 304 306 308 310 312 314 316 318 320 322 324 326 328 330 332 334 336 338 340 342 344 346 348 350 352 354 356 358 360 362 364 366 368 370 372 374 376 378 380 382 384 386 388 390 392 394 396 398 400 402 404 406 408 410 412 414 416 418 420 422 424 426 428 430 432 434 436 438 440 442 444 446 448 450 452 454 456 458 460 462 464 466 468 470 472 474 476 478 480 482 484 486 488 490 492 494 496 498 500 502 504 506 508 510 512
