127 3
0 92 552165
0 74 149624
0 65 185490
0 4 758599
74 119 362199
65 41 270147
4 77 504556
4 90 928031
4 6 612034
119 108 111841
119 20 386172
41 26 439077
41 105 919746
6 47 535038
6 99 340442
20 43 22782
20 18 919340
20 101 640644
20 28 177847
20 1 978791
105 69 257577
105 3 205198
99 97 289702
99 118 310423
43 48 568684
18 89 497602
101 29 595637
101 51 76596
28 5 912503
28 45 169218
1 25 27726
1 98 117981
3 7 600835
3 33 367623
3 111 51084
3 2 56523
118 58 593608
118 14 398577
48 93 389857
89 70 817464
51 13 160591
51 55 419836
5 50 766511
45 73 235964
45 30 484429
98 72 528023
33 62 690677
111 35 349095
2 9 154869
2 19 790029
58 27 457455
14 126 665240
70 32 958078
70 95 641313
50 86 441502
30 116 412203
30 120 633533
72 112 963025
72 124 798837
19 78 416346
19 22 543914
95 34 719775
86 80 805038
116 82 965128
120 94 633374
120 31 409757
112 107 656515
112 121 357035
112 46 618874
78 15 706311
22 11 816133
22 96 248530
22 102 660885
80 66 72370
80 113 28097
82 63 101247
31 106 836838
107 68 457216
121 110 893976
46 59 166733
102 91 495639
66 64 452503
66 83 609616
113 115 411492
63 38 260003
68 52 227187
110 54 559256
59 53 431065
91 49 803347
83 23 398327
53 122 497401
49 17 297491
49 87 374993
122 75 960849
122 88 289276
122 61 748133
17 123 906589
87 104 909464
87 125 659139
88 16 825071
88 37 745752
61 114 151212
123 60 676609
123 21 483064
114 24 825966
60 39 967349
60 12 251715
21 42 747839
12 67 939214
12 76 414017
42 10 400303
42 79 920271
42 36 109910
10 40 144526
10 71 494019
79 109 560434
36 85 264627
36 81 969475
109 44 381709
109 57 427565
81 103 337190
81 117 453987
44 8 641177
103 84 876171
117 100 42261
100 56 136102
39 84 64
