268 102
0 126 680319
0 43 51145
43 4 124546
43 9 623090
9 85 751065
9 70 197243
70 220 14356
70 231 798727
70 215 405955
231 163 318549
231 262 429942
215 40 823539
215 173 134990
262 264 232756
40 80 398451
173 67 587302
264 17 268085
264 179 344689
264 27 564056
80 91 830866
67 56 289102
67 184 662526
27 59 476375
91 198 673093
91 66 179473
91 152 170191
56 100 177781
56 89 803134
56 128 179660
56 233 435248
184 50 409290
184 134 595495
184 86 464059
59 94 600720
66 32 573100
66 197 877969
66 238 296729
152 193 40216
152 252 878086
152 260 401171
152 13 521866
100 93 102899
89 29 29038
89 106 167349
233 11 161846
233 110 616919
233 12 755570
50 53 971625
86 243 703002
86 169 192980
86 42 926576
94 206 597975
94 213 723509
32 99 546290
32 158 937796
252 246 50010
13 121 517577
13 212 962461
12 207 604380
169 16 850992
169 116 272808
169 127 710583
169 176 763298
42 47 653198
206 186 105326
206 194 758398
99 132 208956
246 76 339753
246 122 76825
246 62 852219
246 33 660873
121 65 262109
212 156 350650
212 79 899128
207 258 189266
116 118 813859
127 210 4426
127 222 258014
176 30 479958
47 124 722196
62 209 308177
33 38 863890
33 253 537816
79 261 836446
79 166 831166
258 77 778456
118 37 950434
222 52 194836
222 211 184030
222 175 624796
30 196 354726
124 57 853302
253 119 224189
166 241 27578
166 3 596482
211 165 601805
175 73 226420
175 164 12771
175 96 373578
196 137 91900
196 125 209692
57 103 380261
3 149 861
3 234 37412
3 227 793533
165 58 80605
164 28 791330
96 48 856014
96 31 850981
125 254 868437
103 244 963609
234 22 867917
234 141 222675
227 155 866788
227 235 112734
227 250 115879
28 23 175840
28 130 516498
48 219 814188
48 146 907885
48 214 425070
31 5 538848
254 69 70670
244 200 625976
244 98 48241
141 136 398764
141 45 206779
155 180 293556
250 225 626787
250 263 846839
219 195 15202
146 236 31260
214 112 50698
214 142 390805
214 71 413671
5 154 650368
5 249 967980
200 147 571858
98 87 419931
98 14 674576
136 177 74329
136 240 883161
45 255 595494
225 44 863261
225 105 939683
71 25 907105
71 123 17644
71 237 42878
154 21 653127
87 97 858068
14 145 150873
14 192 646797
255 35 699457
97 201 953265
145 239 832884
192 111 637867
192 49 402302
192 168 550300
239 191 369212
239 139 319554
49 224 412503
168 174 371239
168 63 516367
168 153 991161
168 135 238780
139 92 832718
139 199 768502
63 218 435367
153 259 57949
135 181 226308
92 88 637310
199 34 345978
218 251 33813
259 204 860738
181 129 537934
34 232 339259
251 167 432651
129 226 418986
232 257 794139
226 265 509854
257 138 244799
265 19 235139
138 82 474690
138 39 452954
19 216 70828
19 159 599540
82 2 992950
39 203 8886
159 101 849877
159 131 690532
159 228 764251
228 151 926640
228 245 334335
228 221 82041
151 84 584992
221 114 566536
114 20 829059
114 104 574616
114 242 116432
20 148 846938
104 230 682526
242 7 160730
7 189 591487
7 267 922446
267 171 230562
267 102 649142
171 185 860572
171 64 769661
102 61 597107
102 78 324850
102 143 553926
64 41 81428
64 229 183769
61 55 82128
78 157 687414
143 161 237170
143 188 314984
143 90 668616
161 68 561714
188 140 157646
90 1 848176
90 117 776611
90 83 649245
68 60 709464
117 24 602809
83 205 451571
83 150 137576
24 108 635012
24 133 305033
205 170 362778
150 162 608982
150 178 119317
108 6 369620
170 182 803765
162 113 916489
162 160 830460
178 26 425439
178 109 334641
109 190 156332
109 172 29542
172 115 459172
172 247 660695
172 72 307927
172 202 318066
115 36 998654
115 54 431716
72 81 124971
202 46 210754
202 266 173246
81 256 209746
46 15 316460
46 217 679362
46 51 543991
266 8 771775
266 74 63835
256 95 810273
217 18 745256
51 187 133550
51 248 440366
74 120 562688
187 183 95307
248 208 487613
183 10 396343
183 107 836348
107 144 886991
107 75 45854
75 223 701329
52 167 131 76 2 230 237 119 35 10 157 58 213 134 201 190 84 260 15 73 185 223 53 111 229 23 209 148 120 93 216 77 203 113 88 208 204 65 69 54 210 122 26 249 41 112 126 6 245 198 110 4 147 236 182 193 29 128 189 22 160 37 195 238 11 156 137 197 85 44 21 17 133 36 194 105 235 186 163 130 142 140 177 241 144 224 16 18 149 8 25 55 132 158 179 38 243 220 95 261 101 240
