496 166
0 251 964074
0 228 873980
251 135 621255
228 231 911298
228 474 324121
228 80 884645
135 201 902001
135 470 552230
135 355 541433
231 367 802535
231 136 693984
474 254 445832
80 5 383332
80 124 847069
201 40 692677
201 8 530139
201 445 139535
355 481 109836
355 150 351158
367 281 629447
136 453 864549
254 115 451805
254 357 629051
5 368 1650
124 270 603095
124 185 808067
124 406 175475
124 177 621167
8 103 862823
481 308 915535
150 435 300846
150 396 837972
150 315 849791
115 382 209007
357 207 142351
357 393 517682
185 273 223137
185 337 469363
406 298 586767
177 494 418400
103 192 984602
308 299 655651
308 205 108785
308 478 219300
396 307 621778
315 214 43598
315 398 422862
315 376 532703
315 460 390674
393 189 54752
393 335 989443
337 147 275205
298 67 612761
494 288 821889
494 430 689357
494 490 444755
494 128 34263
192 287 141484
205 297 611038
205 437 452594
205 381 445998
478 224 358983
307 21 910005
307 479 604961
398 125 837077
376 181 287464
376 198 925987
376 422 365035
460 183 29552
189 47 881937
335 336 352484
335 391 644347
335 395 882029
430 55 415472
128 397 358067
128 108 667652
287 187 5738
297 294 116968
437 279 646406
381 182 240136
381 245 361005
381 472 905877
224 49 385187
21 106 980379
21 410 603171
479 2 627602
125 97 334173
183 116 860112
183 277 876733
183 88 850095
47 73 193905
47 374 99324
336 326 102134
391 345 835299
55 101 212813
55 414 628369
397 96 401205
397 403 325028
397 295 363964
397 26 31121
108 356 371671
279 11 100729
472 188 62198
472 208 627652
49 257 807009
106 216 559721
2 341 743961
116 91 711223
277 70 350629
88 351 584463
88 318 382779
73 311 468349
374 180 157614
326 164 993147
414 3 780641
295 439 171794
26 283 59325
356 324 155657
356 450 409145
356 90 217905
11 151 40227
11 303 650814
188 87 18710
341 349 281095
341 27 303453
341 344 416473
351 475 983098
318 425 863914
180 272 838666
164 269 378426
3 380 32274
439 477 136714
283 153 904687
283 488 848336
324 217 170528
324 329 859134
450 139 566937
90 32 61229
90 238 923056
151 69 278389
151 74 31580
303 31 143845
349 199 803593
27 375 407195
344 436 653662
344 292 272913
475 42 581655
425 229 405246
380 458 141600
477 209 346139
153 312 16284
217 51 840986
329 162 368912
238 232 550104
238 52 431711
74 111 255704
375 175 196842
292 85 429040
292 234 893376
292 100 522959
42 342 392343
42 48 112901
229 413 132174
312 64 391962
162 221 694652
232 222 826979
232 485 588343
52 76 708277
52 179 656672
52 454 998915
52 495 597802
175 266 429323
85 1 462513
234 25 231395
100 332 829472
100 285 304217
48 487 891928
413 10 9704
64 316 438925
64 107 217071
221 123 156964
221 353 911572
222 12 275008
222 314 479859
485 280 194511
485 350 876355
76 127 750095
76 156 999966
454 94 857462
495 282 624713
495 235 964157
1 370 32339
25 77 545187
25 322 377893
25 373 847955
25 404 184603
25 387 7010
285 446 265812
285 53 149427
10 146 209427
10 467 520710
10 424 42291
107 434 284425
353 20 589266
12 310 490695
314 204 105128
314 411 948679
350 469 990498
282 93 748105
235 33 610457
235 6 87046
370 133 387183
404 289 643118
387 267 954530
53 190 899973
53 301 836289
146 211 591178
146 321 216981
467 327 332626
467 365 256091
424 250 248771
424 178 157555
310 161 889228
411 249 16758
411 371 18641
469 455 774483
469 319 600724
93 363 350576
33 28 277172
33 248 801367
33 358 165369
6 347 943181
133 241 19637
289 15 775715
289 338 84836
289 386 745055
267 203 992777
267 433 144087
267 304 237624
301 112 195751
301 426 324704
211 84 548743
321 291 968794
321 354 434134
178 416 194745
178 418 845718
161 172 890337
371 82 737429
371 419 267903
319 142 292583
363 225 146328
363 113 273218
248 117 768795
358 246 816526
347 13 919941
15 75 49578
304 440 768445
112 237 574364
426 168 361728
416 134 297336
418 38 759613
82 364 615117
142 483 64048
113 392 433754
13 166 43027
237 30 109779
168 366 444072
134 233 300531
38 163 931025
483 102 723715
392 383 113090
166 18 151323
366 39 492431
366 459 868126
233 197 602695
163 431 515037
163 155 621379
163 320 360538
102 471 306673
383 158 847125
383 484 389120
18 427 421988
39 352 706313
197 78 264643
431 402 64010
155 258 87680
320 44 609242
320 62 349715
320 268 595154
320 317 571993
471 401 212329
158 9 484380
484 63 505013
427 313 414143
427 306 581894
352 165 863305
78 46 980007
258 399 974574
258 276 700048
268 86 741778
268 325 327439
317 388 805634
401 154 429962
9 265 67858
9 462 833584
9 463 882937
306 131 599836
306 137 516363
306 442 673672
165 159 916622
46 215 833029
46 286 238875
46 482 132639
276 22 995719
325 390 229687
388 7 322257
388 138 912760
154 263 778102
462 239 427240
442 114 723384
442 331 338438
159 385 913315
159 417 935997
286 412 408901
482 57 71551
482 323 447647
22 243 442350
390 34 270140
390 143 709060
390 423 792574
7 202 906481
7 169 219481
138 473 262245
263 451 592020
263 465 871999
114 346 391982
114 378 655207
331 193 221499
385 334 188037
417 271 264572
417 300 378724
57 36 443660
323 361 623486
243 132 273321
243 452 445908
34 35 11000
143 260 602592
423 400 424721
202 230 503178
169 157 790712
473 218 992217
473 126 405744
473 492 914794
451 213 20310
451 428 874013
465 72 242668
465 278 549841
465 438 951831
193 405 202430
334 83 549797
300 456 503739
132 206 162449
132 486 655993
452 305 173534
452 145 125118
400 242 302213
230 252 616761
230 333 328843
157 275 610156
157 339 993106
157 244 157994
126 122 328158
126 176 358218
126 290 638707
492 68 354914
492 429 29954
428 302 131849
72 4 729342
438 140 772626
405 227 580723
83 98 44707
456 173 771888
456 186 410061
206 79 249645
206 219 607496
486 104 750297
145 14 805236
145 89 240014
252 210 937991
333 99 921012
333 421 808011
275 296 334182
339 448 757609
244 200 713156
244 464 171004
290 444 834785
302 415 752949
140 359 482064
140 121 39594
227 262 382999
227 194 647827
89 174 840190
210 17 419686
464 340 191691
464 476 283423
444 37 550042
444 148 180319
121 379 478144
262 167 309876
262 220 82362
194 24 110139
174 95 454569
174 226 158430
174 240 407834
174 443 838603
174 54 62903
174 343 615894
340 264 726399
476 129 252689
476 461 252818
379 81 463687
379 66 870706
379 255 987456
24 328 116515
95 141 517880
443 369 143110
443 223 752781
54 45 298735
54 71 166890
54 480 166916
343 19 812881
343 196 701926
264 56 211860
461 247 590879
66 407 904508
255 468 799500
328 447 747927
223 457 642515
71 50 471100
19 65 385437
196 29 933254
56 236 992732
447 58 957260
50 118 653156
65 256 10481
29 184 333046
236 466 976166
58 119 989251
118 41 812151
118 409 528457
184 489 763998
184 170 833305
466 348 595183
119 493 565258
409 23 58458
409 253 963997
170 441 507412
348 372 962793
493 149 897209
493 109 127777
493 130 945068
23 16 773794
441 491 636915
149 43 866833
149 284 272047
109 195 834510
109 408 335976
130 171 388976
130 384 3225
130 360 131432
284 330 156987
195 362 690892
171 152 378215
171 212 173038
171 261 718623
360 432 729490
360 293 808309
362 259 90471
261 120 564992
293 160 209234
160 60 267820
160 274 508565
160 420 580625
60 309 375052
274 59 119735
274 394 989042
420 61 840850
309 110 588689
59 105 774935
61 377 605280
377 191 423581
377 449 666404
191 389 240417
389 92 468404
92 144 188417
86 273 147 240 70 79 98 200 176 120 152 260 294 139 144 16 372 204 280 458 365 480 249 239 186 435 173 359 415 148 407 41 410 81 198 291 77 35 395 225 226 491 207 386 179 214 45 75 266 338 63 313 111 84 422 87 51 28 247 373 30 421 369 203 299 332 412 91 403 216 272 40 117 69 322 101 408 167 265 446 384 463 96 305 364 457 432 67 368 281 316 141 122 436 253 137 68 419 213 468 181 43 455 382 488 470 4 105 270 241 453 342 269 110 14 487 449 448 402 127 131 215 99 190 182 445 489 257 129 17 156 434 242 354 187 218 219 246 433 346 123 330 311 345 97 199 37 245 259 220 104 172 288 459 271 296 378 440 399 208 256 429 394 212 44 20
