1000 64
0 1 661053
0 2 870345
0 3 6045
0 4 737552
0 5 675072
0 6 349925
0 7 407064
0 8 673058
1 9 191460
2 10 654220
3 11 216371
4 12 283596
5 13 80656
6 14 724536
7 15 555298
8 16 739357
9 17 21178
10 18 320617
11 19 503545
12 20 669160
13 21 939036
14 22 76442
15 23 323033
16 24 520504
17 25 241406
18 26 424616
19 27 396877
20 28 379417
21 29 61376
22 30 48596
23 31 578141
24 32 255467
25 33 487938
26 34 379997
27 35 306410
28 36 639535
29 37 855051
30 38 603764
31 39 861239
32 40 618997
33 41 456598
34 42 659726
35 43 290378
36 44 27514
37 45 551251
38 46 231851
39 47 919277
40 48 881765
41 49 338968
42 50 688507
43 51 683114
44 52 68280
45 53 918381
46 54 849535
47 55 418413
48 56 411358
49 57 881505
50 58 770073
51 59 688825
52 60 687223
53 61 302373
54 62 552031
55 63 482968
56 64 452475
57 65 849759
58 66 516230
59 67 78777
60 68 515644
61 69 515965
62 70 305119
63 71 187658
64 72 67082
65 73 443237
66 74 827644
67 75 5488
68 76 957198
69 77 236051
70 78 873655
71 79 651838
72 80 201204
73 81 123914
74 82 539772
75 83 294528
76 84 708536
77 85 399620
78 86 739277
79 87 86260
80 88 538004
81 89 159901
82 90 4979
83 91 991619
84 92 861368
85 93 479582
86 94 121611
87 95 158667
88 96 789577
89 97 827733
90 98 631570
91 99 720525
92 100 904510
93 101 868620
94 102 401080
95 103 472252
96 104 833392
97 105 159573
98 106 815496
99 107 282074
100 108 570559
101 109 73126
102 110 133377
103 111 27096
104 112 879532
105 113 363222
106 114 604555
107 115 411588
108 116 33625
109 117 417562
110 118 231380
111 119 740049
112 120 26880
113 121 255437
114 122 222141
115 123 576487
116 124 282412
117 125 281209
118 126 92021
119 127 253879
120 128 992952
121 129 246024
122 130 101527
123 131 846172
124 132 40194
125 133 969822
126 134 399260
127 135 296311
128 136 413844
129 137 527322
130 138 186507
131 139 108638
132 140 603870
133 141 762083
134 142 682423
135 143 523468
136 144 56726
137 145 513905
138 146 19213
139 147 261523
140 148 711739
141 149 614728
142 150 514416
143 151 558116
144 152 935288
145 153 64803
146 154 692028
147 155 839942
148 156 615527
149 157 417330
150 158 629821
151 159 466011
152 160 603991
153 161 953580
154 162 124762
155 163 667075
156 164 862165
157 165 746285
158 166 73706
159 167 263964
160 168 712729
161 169 954499
162 170 297266
163 171 871165
164 172 140955
165 173 506902
166 174 775917
167 175 821000
168 176 465504
169 177 462020
170 178 398778
171 179 29805
172 180 545268
173 181 631407
174 182 849774
175 183 139581
176 184 262042
177 185 175087
178 186 191268
179 187 572142
180 188 204406
181 189 768011
182 190 419587
183 191 833721
184 192 987361
185 193 575274
186 194 931369
187 195 703660
188 196 552616
189 197 693540
190 198 972809
191 199 831301
192 200 95765
193 201 652960
194 202 36099
195 203 278409
196 204 555574
197 205 386648
198 206 297690
199 207 225029
200 208 897953
201 209 290665
202 210 226134
203 211 68051
204 212 609148
205 213 880935
206 214 845440
207 215 217576
208 216 873275
209 217 848087
210 218 39375
211 219 250739
212 220 421027
213 221 287215
214 222 428247
215 223 894357
216 224 837032
217 225 151886
218 226 749796
219 227 276320
220 228 78601
221 229 317447
222 230 126552
223 231 333468
224 232 557694
225 233 536365
226 234 87599
227 235 4567
228 236 429157
229 237 530081
230 238 797500
231 239 536003
232 240 825512
233 241 879578
234 242 867098
235 243 970190
236 244 380623
237 245 140900
238 246 11813
239 247 652201
240 248 363257
241 249 454515
242 250 444031
243 251 385907
244 252 146686
245 253 999239
246 254 868063
247 255 667757
248 256 470284
249 257 671381
250 258 722329
251 259 60481
252 260 767440
253 261 925728
254 262 847620
255 263 893744
256 264 995458
257 265 102551
258 266 633939
259 267 729430
260 268 433264
261 269 170980
262 270 380070
263 271 615898
264 272 110229
265 273 540162
266 274 548198
267 275 194755
268 276 711719
269 277 150077
270 278 671387
271 279 582976
272 280 25252
273 281 508215
274 282 69012
275 283 990065
276 284 520322
277 285 740107
278 286 56713
279 287 356088
280 288 298713
281 289 528886
282 290 492239
283 291 57158
284 292 851117
285 293 5524
286 294 23691
287 295 38515
288 296 630445
289 297 719743
290 298 862522
291 299 94226
292 300 464456
293 301 265849
294 302 30724
295 303 33260
296 304 770663
297 305 669045
298 306 92577
299 307 168313
300 308 735655
301 309 52910
302 310 270781
303 311 221973
304 312 918513
305 313 789229
306 314 808765
307 315 767494
308 316 987269
309 317 69868
310 318 290780
311 319 294765
312 320 288732
313 321 386645
314 322 258395
315 323 54709
316 324 293251
317 325 994466
318 326 549999
319 327 743366
320 328 722396
321 329 794038
322 330 586271
323 331 302572
324 332 228048
325 333 286339
326 334 437918
327 335 10463
328 336 704046
329 337 923894
330 338 78671
331 339 263746
332 340 360530
333 341 199868
334 342 149091
335 343 61484
336 344 596604
337 345 632026
338 346 686782
339 347 668162
340 348 821822
341 349 256666
342 350 578318
343 351 969092
344 352 240144
345 353 489157
346 354 602844
347 355 298634
348 356 225340
349 357 692269
350 358 212185
351 359 612045
352 360 526264
353 361 708431
354 362 28631
355 363 686685
356 364 214940
357 365 602950
358 366 521920
359 367 96169
360 368 659003
361 369 249441
362 370 653721
363 371 97412
364 372 776402
365 373 840580
366 374 119868
367 375 4604
368 376 832970
369 377 938667
370 378 717092
371 379 571230
372 380 853530
373 381 541654
374 382 391544
375 383 89240
376 384 257220
377 385 717209
378 386 933840
379 387 356962
380 388 93966
381 389 437706
382 390 834216
383 391 75237
384 392 528820
385 393 570751
386 394 106764
387 395 751713
388 396 960228
389 397 807065
390 398 435004
391 399 540782
392 400 222056
393 401 525087
394 402 316411
395 403 802374
396 404 626927
397 405 713329
398 406 137578
399 407 199486
400 408 20425
401 409 898696
402 410 517374
403 411 875962
404 412 258403
405 413 442822
406 414 337464
407 415 202093
408 416 606132
409 417 324685
410 418 622635
411 419 98175
412 420 987735
413 421 109012
414 422 156153
415 423 107017
416 424 92526
417 425 633424
418 426 756094
419 427 116475
420 428 713948
421 429 305187
422 430 558027
423 431 880803
424 432 50492
425 433 545540
426 434 934661
427 435 626488
428 436 299907
429 437 44284
430 438 897574
431 439 536477
432 440 421156
433 441 707311
434 442 721117
435 443 972786
436 444 63116
437 445 935056
438 446 582778
439 447 317818
440 448 60123
441 449 461289
442 450 918450
443 451 263168
444 452 667039
445 453 482082
446 454 182936
447 455 791960
448 456 342640
449 457 614934
450 458 682495
451 459 836121
452 460 659247
453 461 297359
454 462 18166
455 463 721263
456 464 920154
457 465 577149
458 466 436692
459 467 679510
460 468 568408
461 469 413394
462 470 789876
463 471 77116
464 472 342177
465 473 880694
466 474 78584
467 475 68007
468 476 204561
469 477 448867
470 478 867998
471 479 928171
472 480 758126
473 481 955497
474 482 692094
475 483 203309
476 484 194845
477 485 83492
478 486 119269
479 487 966386
480 488 52464
481 489 620178
482 490 186382
483 491 260070
484 492 349866
485 493 85194
486 494 984639
487 495 656835
488 496 75396
489 497 700849
490 498 457055
491 499 792457
492 500 996227
493 501 428172
494 502 999939
495 503 859055
496 504 33634
497 505 522936
498 506 441348
499 507 496410
500 508 496058
501 509 652383
502 510 144591
503 511 213609
504 512 573615
505 513 646234
506 514 180944
507 515 586331
508 516 738503
509 517 178002
510 518 133398
511 519 770733
512 520 363911
513 521 143578
514 522 380360
515 523 700456
516 524 387474
517 525 645921
518 526 302981
519 527 717678
520 528 386048
521 529 595318
522 530 378099
523 531 319294
524 532 647932
525 533 268960
526 534 940881
527 535 830495
528 536 193459
529 537 960966
530 538 778205
531 539 544969
532 540 110513
533 541 268929
534 542 624699
535 543 831635
536 544 484587
537 545 320932
538 546 537232
539 547 210674
540 548 309123
541 549 484435
542 550 967104
543 551 563080
544 552 36854
545 553 466951
546 554 226253
547 555 495008
548 556 620539
549 557 877221
550 558 420533
551 559 522139
552 560 391181
553 561 146195
554 562 434118
555 563 366506
556 564 50268
557 565 64444
558 566 212252
559 567 305888
560 568 958645
561 569 7305
562 570 497409
563 571 591858
564 572 998057
565 573 117154
566 574 897520
567 575 201274
568 576 442453
569 577 815676
570 578 104521
571 579 760263
572 580 567753
573 581 157987
574 582 6405
575 583 346456
576 584 775344
577 585 901311
578 586 592002
579 587 91815
580 588 456576
581 589 754063
582 590 924025
583 591 749457
584 592 474292
585 593 191115
586 594 579891
587 595 365289
588 596 647968
589 597 364872
590 598 758309
591 599 140995
592 600 443293
593 601 689150
594 602 31941
595 603 809367
596 604 27199
597 605 685967
598 606 606841
599 607 952569
600 608 190695
601 609 113789
602 610 92985
603 611 759987
604 612 177573
605 613 811970
606 614 592706
607 615 991598
608 616 590190
609 617 147394
610 618 280602
611 619 389973
612 620 2328
613 621 150278
614 622 388302
615 623 308381
616 624 555176
617 625 155487
618 626 503834
619 627 798460
620 628 559813
621 629 461616
622 630 794825
623 631 841852
624 632 997749
625 633 494009
626 634 351715
627 635 803938
628 636 471892
629 637 631309
630 638 957937
631 639 659727
632 640 888012
633 641 600607
634 642 354647
635 643 550268
636 644 376418
637 645 804933
638 646 885013
639 647 377150
640 648 643297
641 649 463181
642 650 450993
643 651 21678
644 652 999416
645 653 510898
646 654 100299
647 655 909918
648 656 301113
649 657 867230
650 658 88955
651 659 683781
652 660 261611
653 661 365736
654 662 13130
655 663 85786
656 664 512847
657 665 32320
658 666 287467
659 667 648816
660 668 225379
661 669 155803
662 670 251663
663 671 489867
664 672 517839
665 673 76498
666 674 658336
667 675 373516
668 676 98316
669 677 839259
670 678 131116
671 679 848300
672 680 96964
673 681 604054
674 682 661434
675 683 755431
676 684 680266
677 685 445760
678 686 477668
679 687 556772
680 688 160147
681 689 466809
682 690 920169
683 691 635472
684 692 45183
685 693 421331
686 694 110700
687 695 55830
688 696 891887
689 697 842543
690 698 311801
691 699 569658
692 700 862860
693 701 104509
694 702 151653
695 703 6797
696 704 503997
697 705 842628
698 706 915116
699 707 846631
700 708 174145
701 709 290241
702 710 146400
703 711 289012
704 712 705969
705 713 723368
706 714 966035
707 715 680120
708 716 924932
709 717 918229
710 718 830319
711 719 224019
712 720 299474
713 721 804642
714 722 383419
715 723 489121
716 724 668130
717 725 740666
718 726 372163
719 727 422172
720 728 90034
721 729 56342
722 730 962685
723 731 988306
724 732 518568
725 733 650759
726 734 121233
727 735 835985
728 736 482370
729 737 37650
730 738 906038
731 739 32262
732 740 66214
733 741 128876
734 742 744414
735 743 312773
736 744 378537
737 745 886096
738 746 742710
739 747 469698
740 748 346262
741 749 183438
742 750 627790
743 751 944093
744 752 94253
745 753 911243
746 754 510198
747 755 352988
748 756 701617
749 757 260024
750 758 184759
751 759 265991
752 760 950521
753 761 243711
754 762 981401
755 763 204386
756 764 86033
757 765 145928
758 766 68846
759 767 924750
760 768 883199
761 769 706134
762 770 12163
763 771 680254
764 772 94190
765 773 553039
766 774 197877
767 775 78728
768 776 952095
769 777 539452
770 778 813459
771 779 320137
772 780 10016
773 781 725273
774 782 424812
775 783 963027
776 784 131600
777 785 500274
778 786 316467
779 787 114128
780 788 881040
781 789 686861
782 790 159219
783 791 884067
784 792 864187
785 793 994569
786 794 156525
787 795 541156
788 796 728596
789 797 723031
790 798 938768
791 799 544061
792 800 827422
793 801 947469
794 802 86928
795 803 609328
796 804 630119
797 805 888072
798 806 681401
799 807 459801
800 808 980348
801 809 346509
802 810 570287
803 811 720583
804 812 173493
805 813 312485
806 814 27924
807 815 37715
808 816 531060
809 817 452840
810 818 870964
811 819 14022
812 820 537139
813 821 472822
814 822 894260
815 823 704986
816 824 101310
817 825 52731
818 826 988495
819 827 868571
820 828 241228
821 829 218218
822 830 936733
823 831 125128
824 832 690942
825 833 847312
826 834 39637
827 835 366631
828 836 871584
829 837 705802
830 838 752731
831 839 573424
832 840 110257
833 841 917571
834 842 969078
835 843 127118
836 844 205209
837 845 589282
838 846 597874
839 847 430793
840 848 95849
841 849 879284
842 850 384397
843 851 118907
844 852 933541
845 853 35811
846 854 254679
847 855 581774
848 856 404773
849 857 587001
850 858 987953
851 859 24901
852 860 66814
853 861 565046
854 862 784176
855 863 422259
856 864 46077
857 865 165535
858 866 647746
859 867 994468
860 868 253199
861 869 368141
862 870 709889
863 871 749369
864 872 872179
865 873 417217
866 874 632754
867 875 536430
868 876 601566
869 877 430394
870 878 306774
871 879 586791
872 880 606851
873 881 770435
874 882 531457
875 883 857929
876 884 963111
877 885 303753
878 886 258421
879 887 375176
880 888 572614
881 889 71503
882 890 935848
883 891 246607
884 892 406497
885 893 62564
886 894 507948
887 895 128352
888 896 610711
889 897 942121
890 898 691608
891 899 797958
892 900 711900
893 901 319125
894 902 53831
895 903 424098
896 904 785532
897 905 919685
898 906 479707
899 907 676481
900 908 35574
901 909 31004
902 910 331188
903 911 72531
904 912 978960
905 913 26787
906 914 542607
907 915 689861
908 916 485968
909 917 419925
910 918 742712
911 919 296515
912 920 815081
913 921 486749
914 922 962861
915 923 834711
916 924 717385
917 925 473323
918 926 399221
919 927 720341
920 928 56653
921 929 25580
922 930 435949
923 931 583947
924 932 102423
925 933 796759
926 934 608752
927 935 151885
928 936 229620
928 944 708221
928 952 385469
928 960 855826
928 968 63969
928 976 764569
928 984 991959
928 992 65329
929 937 487096
929 945 566664
929 953 734741
929 961 752964
929 969 229174
929 977 432099
929 985 557687
929 993 850488
930 938 886967
930 946 550535
930 954 889999
930 962 719566
930 970 543193
930 978 857380
930 986 716636
930 994 865719
931 939 270090
931 947 88491
931 955 741605
931 963 992321
931 971 134850
931 979 574002
931 987 518989
931 995 461780
932 940 600778
932 948 369512
932 956 795203
932 964 178326
932 972 228237
932 980 719037
932 988 212679
932 996 542012
933 941 61860
933 949 580731
933 957 290088
933 965 519729
933 973 996291
933 981 583230
933 989 246468
933 997 339388
934 942 427794
934 950 338684
934 958 948132
934 966 532256
934 974 135312
934 982 857079
934 990 786573
934 998 525175
935 943 976223
935 951 868752
935 959 869969
935 967 769942
935 975 15022
935 983 888714
935 991 391416
935 999 11072
936 937 938 939 940 941 942 943 944 945 946 947 948 949 950 951 952 953 954 955 956 957 958 959 960 961 962 963 964 965 966 967 968 969 970 971 972 973 974 975 976 977 978 979 980 981 982 983 984 985 986 987 988 989 990 991 992 993 994 995 996 997 998 999
