100 100
510.1406539974965 86.26523501508467
629.4494273528765 147.6124935706687
289.0752858251084 87.26579489216905
487.8844343054234 181.42291118271007
406.85277430464606 181.1252474894682
311.9737577638542 163.0818600590566
496.05945144060877 300.40025245746955
519.1630560792102 360.80043513885965
272.2284834582478 215.74992781598576
466.0276724935553 419.5832934000714
303.5747199798905 309.97831865574733
370.6496366255113 429.3709694732879
350.61282321895135 461.8813419375435
305.2355831637593 459.38116075494554
243.31081112490023 421.3921942654242
260.6422132693416 525.0136101321676
178.812200459417 425.3352154387031
113.74016214949387 326.5799849994043
107.8385169957261 386.1813216119673
112.4442213445483 528.9162889871463
76.9914956186474 521.25754660244
23.88767467682733 284.3498655421528
11.104751389036597 529.2394090440937
-26.912401616756423 642.6548629423795
-49.41868431671373 470.3477349496531
-94.01088086165505 555.9455351539765
-151.99688576807154 648.1453594598935
-128.36537274973304 425.22109451392
-193.43085154214643 520.1763160266697
-166.19372538129994 373.312827342514
-204.8044748972524 391.7886490711518
-122.52684375709367 202.3320500021817
-267.1241012750374 384.3702813633986
-433.221072130603 546.6287597966528
-367.0467884066663 407.6758135703294
-230.97712389784263 226.20554886911165
-437.8822589444307 377.9969110664515
-490.9059635078701 372.64533154445354
-320.8661680708793 213.19936535421095
-329.2473164335807 190.10658648245362
-465.7049656289379 231.19852634199586
-384.77728643339367 161.76152544292097
-418.39229944226315 145.71624155334882
-438.614363689238 122.48008866880757
-301.9495920670763 64.1925527200224
-366.86355788309186 54.18698337031383
-709.9177166620166 59.63879543464706
-422.91681537260496 8.873840482585937
-467.5746878118546 -19.58058440048106
-580.7133482326944 -61.014622804308665
-628.4693032057301 -106.27471407341781
-452.4160718758523 -106.09631465055558
-649.5173780834142 -196.075738999769
-551.2257259316032 -204.97677090208376
-428.9124992854486 -190.9459330028637
-389.0062677566062 -203.35000666434163
-477.9910585685961 -289.45852004114505
-399.95150394665745 -277.9525140871736
-676.7798785288154 -536.3700671032079
-441.362551185677 -397.37630132362284
-226.16343273267324 -230.93411936452046
-485.53938645672326 -562.4624887762311
-328.14418166542504 -432.28217834456245
-322.83456337257036 -485.86771868712276
-166.76885845041755 -288.82849419086307
-263.3547025343932 -530.4773980720752
-176.01201848591245 -418.67450660615935
-202.26397729187448 -580.7567478502648
-150.69332021500045 -539.6489786764454
-89.83198181741379 -422.5526033004357
-70.79250709837423 -479.2883716756786
-40.69588474612944 -484.42845577211676
-4.407273606864244 -210.04548390848038
19.355415207558707 -462.19775865928807
34.0837498496034 -324.39581834290186
87.69671139409708 -518.6058751962798
72.93864006068576 -311.0250637159898
165.7066524881278 -548.9172245587775
214.34742058817508 -576.4253773503008
139.00966688599559 -312.2506078619341
172.2947170325964 -329.5978491786399
221.80762738478126 -366.2772220253426
302.19319933681277 -434.83191707811426
240.0124497199409 -302.842396564246
316.74969917465876 -351.8112550983894
379.69191551705444 -371.8481583859536
381.01226331475374 -328.90453008667504
433.4322680441997 -329.0172115108159
506.22440656234437 -336.3605544790841
375.8946197955933 -217.04062411355397
356.62939006025147 -177.04812170258705
205.5886243424732 -86.43007438305538
339.14451885533936 -118.11609510235645
560.8419973694565 -156.61132706466947
538.4996520112043 -114.48158305099034
326.74325082621374 -48.26107886279075
448.6890120532001 -37.69348415395012
603.502194385046 -12.662968246225644
406.7774896964726 17.034585440233702
379.36645416133354 39.85942664433395
208.9377504121653 -247.91395454005075
363.12277714753316 -379.6726484678429
246.34692174128693 -227.1343476641796
345.09226099237134 -280.2126201738687
378.7709815963047 -269.93908049167055
358.84492210066617 -223.15600013870215
323.12611144669336 -173.8136142807651
444.4119752789265 -204.18464203940343
555.8385062252391 -214.2168859158679
391.38805481060945 -123.2267300710156
793.4997050089602 -196.02404350469936
461.70013205809624 -83.7084356161451
408.03492957285164 -47.762482965885226
530.2741857489148 -28.49927938373414
585.7854960782624 5.353694406817587
509.1179646800596 36.70509628573315
681.9642577117845 92.49161368036103
526.5747392644837 105.44588752439239
570.3123745228705 152.00029130932256
403.66513700491254 135.24961856250246
447.8363758590898 182.06269249590727
562.576254295563 271.035496250497
630.0872303098946 353.93025510941794
435.80736049428725 282.1914652239455
391.1353122426095 289.67463287554546
359.9674899771071 303.37460316370397
356.814980639171 341.26147148183753
309.06932335983197 335.21251716156235
327.4590519995104 403.2779985669995
303.24378555625293 425.5032139433723
230.72292319195878 371.0128759621009
230.5888360011435 428.6734052932967
225.5453827244544 490.9040564974345
221.31316679367464 574.2515559062471
143.14118824816367 454.6395996992223
93.05012512656106 376.6642372990696
99.82816067919605 550.6096802484684
67.04025520089787 572.7249529507478
35.498302122238776 660.5020779608707
-4.160307529576273 455.20861387680384
-49.509210628990076 686.7174070904272
-66.43423497011858 489.83655852965813
-81.80592011994669 408.52167940152736
-107.33859217797949 402.73953987618523
-161.17257685460476 481.0346306993886
-256.420897464464 630.7421022986305
-186.04564296737752 386.16661801323977
-172.18133510746335 306.5272295395594
-251.59199830590453 388.55053470934564
-391.9926005181244 529.290903654376
-376.5035255276506 446.7382161801652
-311.1987676803945 325.38212351558303
-412.7927666881552 380.5990962642059
-311.7659810996668 253.1519026065405
-558.039341938417 397.69843562508555
-623.1170435587691 387.499720616963
-596.5343486808723 320.88335641654425
-329.9856471679228 151.6115788797827
-496.29327564700196 191.26850482539515
-442.6253240260661 139.35854877519714
-483.94959332385224 119.55361235417377
-501.8127793883651 90.98104985922339
-396.53728635780493 46.41662762751343
-315.0649499453212 16.93298349010029
-520.7941444887002 -4.759716171057019
-477.9607478379641 -34.458802256603796
-546.051813328615 -74.05844631405493
-634.2051337060738 -126.99873011298207
-524.9485672982696 -139.90987871954286
-590.4216844474308 -197.82314669293285
-513.5027968792572 -208.75861552039922
-490.56734615487966 -236.3433634003378
-453.6529893487403 -254.82426960530634
-364.8912921384856 -236.27230219157192
-443.0928654193845 -328.1543729309707
-524.8651943289759 -442.3476410442477
-468.9068562976074 -448.46727982495383
-503.0133829168697 -545.5616895928695
-261.8321354868298 -322.45601065200873
-416.4470831520081 -584.3469207241126
-249.84033229210843 -401.7545328077355
-192.73749288050286 -358.3063206076732
-191.6173378348783 -417.05898521229057
-177.55656814017883 -460.7142764846207
-113.62423517559785 -360.888975623162
-125.80018568784446 -509.23554299084844
-119.73165307152524 -660.3888798991636
-66.90394791823688 -571.5604797276122
-33.494272282904475 -623.213931935629
5.64502454392828 -617.6619828410567
33.19094641539888 -460.374955926264
74.93078982140658 -552.4838245001371
112.81979998828339 -563.3985180214885
101.43348229314772 -380.583284705732
156.56421300693768 -467.28053775846445
218.42974796391078 -537.2917722293572
264.23474566432157 -548.4602405479413
340.1969275525878 -605.6383616463735
172.42923062732908 -266.2941198881526
334.02662690706387 -451.0219197163011
