16 50
136.15812498418566 -26.460574954998716
226.6551350796875 -26.455191949165066
243.85589087895423 -4.5419304905401106
175.13236762581516 24.227233713761457
132.55145895516827 20.236564372070166
117.1540770699214 36.88930173743775
83.90948883340447 113.69491958452859
85.71272729039417 43.70886744863753
16.027092150468448 104.11336072915422
92.56212638988838 5.695351298320296
4.645563087937234 7.584759463756218
33.070743092301385 -34.13515232135062
37.791255576963714 -70.10206359669213
77.65428525715254 -77.08853373696891
121.10759563829303 -148.50747256071094
113.67926593934774 -33.059666290498676
-108.55979712002609 -901.1694077402768
-0.918723333201362 -634.4461785136357
115.57923737678166 -762.0529322115584
24.27019553160921 -80.37256319198742
330.50311686882435 -714.7000963592086
73.96975688664122 -115.20584033982277
542.0380105565333 -686.7567435455763
708.6042352429085 -699.969508733345
737.9224069468855 -578.5136021017706
832.3782733084687 -468.55496748492794
174.01693910445712 -76.94180719673625
542.2157576771722 -179.80470921510832
729.0131200935937 -139.3933447892354
276.3600301640695 -25.97531487543993
692.0907511200309 -1.3204717933929775
865.4023679666798 102.78925036867092
281.26880915874665 74.6438369022767
585.56390294162 238.51484707604072
790.2472190283911 457.6979051181629
227.3854295063285 165.0863985575754
579.6071256490955 521.1708919018462
484.39703188305384 548.1717888163497
159.20387049075327 249.16438157175804
203.78440857947925 440.7883201113784
225.45623299466428 780.7760929715431
145.19393696393087 908.1271548665658
23.57442792677712 677.7477782751662
-119.54575535570176 988.7608304359259
-153.03467887166892 691.2432539203917
-174.40601809641802 466.11098680710336
-174.19993343021272 319.739803143256
-272.73252532242805 363.64871435854343
-579.6058672543487 584.3488742426331
-681.1349984532544 567.2331150314014
-599.5464808624689 378.3745712736122
-764.2563467634849 334.5880457232056
-13.346311594742119 3.9574257244968787
-366.28157808341336 66.05091553350844
-646.9660764120673 16.979089283189126
-424.1359948258023 -41.715842053644316
-255.618498133017 -54.893118460427154
-901.8589778957057 -318.603845563517
-390.4126568902092 -203.90185686229293
-185.41208713646066 -121.90517826320102
-42.0267756561925 -33.06661464706668
-415.64695107371614 -418.30027381288386
-178.96135711746828 -245.1252474356355
-300.2153920024979 -552.3988360973741
-106.97303618437506 -276.98437450923893
-174.24690112942693 -713.5198822809864
