32 32
119.34379558138139 121.79972751777183
117.55760825475849 122.63609948147023
133.84938216951497 154.41620394320654
116.79107707353384 148.36507650553241
108.12785409526211 137.19119750370606
99.50457905799303 129.2760647952528
81.67363816990044 176.58253348516146
86.22109958847848 141.0755334712865
82.58193491361203 141.42384495292185
83.77144035740497 133.92232611472835
93.20791119411987 106.84944304903634
58.350541263319336 136.28749784256803
44.86219521686621 119.10793389454238
64.49845082763898 97.96121905220005
74.38236035287903 90.22963663375097
43.41925154216902 63.953724595341725
82.10241844485944 84.66157960679664
62.36722026855015 52.76620712180254
82.00401985899964 67.59408951213182
70.28169585374644 11.251399618468426
98.39479073231581 30.22431425903241
112.51047232597921 64.15147703939527
114.4040927088717 69.03898254948776
116.78972203848392 73.5201823030021
110.14364393382954 87.53718328871204
121.44453048560385 76.66607831535106
111.11035793037786 94.1831368701301
148.0004373594922 87.33521059520999
151.21911200934548 90.1357861865918
101.91583120771976 100.02137994194996
155.25681288751548 112.01538510585395
157.0206247954926 133.59999968605098
20.712342730000206 2.153739488114096
53.83907038345693 16.539993645417848
213.51785959670732 114.18288159983453
89.16888862652834 87.288128292485
137.75742318416178 201.06104351506178
31.384817268036997 105.57799789422185
1.5162155993348165 104.97100235466134
-35.34528017762327 196.96942248187446
-53.66237481389972 106.46358719320541
-184.19682820550668 242.49369893496572
-164.36751932055046 162.3565641218468
-39.417247669846006 27.515019352936307
-183.31613706696 84.6619588663865
-179.61765305342607 35.81121081294169
-107.45404441350463 15.462351794876607
-180.30629452090946 -21.185529104884445
-232.29612410365007 -112.05160045645462
-323.9178928479354 -234.68531844355635
-170.97754047862665 -139.946569072361
-184.12660439819558 -184.03446481140932
-172.91428058752203 -198.65104536173524
-187.58744865354222 -274.04075406545553
-34.48826904046571 -103.79323182882048
-34.37871583718557 -118.45484007246436
1.6287381701977197 -76.71886107586701
114.9352144234877 -319.839800328883
14.258004220860338 -30.34398138841665
202.23732466491785 -345.1087720014903
205.8630621269245 -176.5870221488166
289.208818661904 -181.87670707288268
219.5985256659237 -62.31166195735637
298.6805673912588 -71.74150704440491
