32 32
104.8963755175703 129.70309007472892
99.96492582711025 104.40034316213305
87.84538195215531 149.73346202211243
90.88808844628635 121.88340549634749
97.88009310121559 104.0123209646818
60.21272121111619 154.00186810313082
72.6032690025283 121.81895513748634
59.45719514870382 117.38095239574821
63.86503812095955 103.31518461425557
72.5304159975963 94.40812240622775
62.14406454767778 82.46449399568806
79.55207468594821 85.39476428820747
60.97511932661798 54.18318139804964
85.58875451382487 79.66562515864862
97.32746207682145 91.7707641080398
97.38714996690624 63.89696594392744
107.12401173337322 47.72160264941916
114.94188072880436 51.1448170539105
104.08743027523761 92.79047418960508
149.3422322875496 44.87942832784432
136.6347387310304 77.78445462475071
118.46690897157193 93.37830744776835
155.29110649930695 86.08101234756525
180.1179512255068 93.3245757728432
125.52344127738054 100.58938227189837
163.485967779984 121.06585603911189
143.14292023885878 129.5128817590742
149.05265022786216 150.15180658833188
114.89545546848292 118.36168889936054
140.26532890854963 154.89014896525356
116.774069860923 126.86911875317817
119.41237098610394 146.6847061979212
117.6129490680457 172.5607465636561
25.03605731335272 107.17904118136028
15.421028526103232 106.72998753877349
-43.56712828932193 397.620302968324
-98.67149397087022 306.6116698301373
-51.932168066996994 100.35972472225336
-135.37166900237062 162.2430471767839
-136.10711146161847 142.5661622954714
-160.41800607665564 77.16536557234484
-62.72382636963488 15.69211836008297
-254.21006228114055 51.265564078353464
-364.5072149034029 7.266417062666789
-154.27827401344317 -42.74312016572542
-217.68394520413415 -95.66333474113523
-127.51976582312693 -107.46357017988574
-96.563537166756 -148.3577793514544
-93.08280826918654 -189.19800187340937
-18.181187825895893 -185.54427659482099
-14.093462350286979 -297.21470466277697
40.10147149633704 -140.60810160612002
131.37323892109745 -247.73984854411518
121.07977998161006 -185.14732578914536
89.93779107104129 -105.6415619764284
207.28589352965938 -150.8685374143332
77.80182505784948 -42.14439545287983
130.78503259513593 -23.733668644604805
306.89145909880773 -20.34059528100094
260.4484629449828 26.46771716908686
285.13084928189323 91.05692666476304
355.8129862829159 177.1761340612185
162.59217210954455 159.00043229717974
96.06420865825004 121.59333055489566
