16 50
140.89694173117758 42.10740502463116
145.28364586087537 136.35728543976853
75.24510630876235 80.82812428568602
39.45537703165968 49.91591149940674
63.65061544256285 7.164904056257548
4.110182479944783 11.111430087536885
-13.58692263499664 -8.97986648725492
73.47808101296899 -13.765305571105309
51.03097519815211 -42.851666005945525
62.63726351959846 -41.641338363455624
87.76561796537443 -112.79673396685669
138.60031320024297 -60.517778151465954
134.72338023221522 -31.218565101825867
147.11758547093746 -19.641635049062305
213.25008877431284 22.573974555175674
183.01935719905288 27.074835171688687
51.85063841141121 44.81973461114632
78.80874651702464 82.58867946152215
384.7741195119351 481.081182057509
430.41788797366394 710.5214963290094
295.88606854576506 673.8105335505759
1.5114562496215609 4.544064872302552
165.63200239001605 833.7156912658495
52.581659495011195 610.8521032188144
-17.587458837212523 649.8896387182577
-99.82129994980454 586.4067068559992
-216.92932704776595 728.7508698104104
-395.37572351621117 843.0816148136482
-291.2808798624966 456.49436904102396
-509.59801015691784 621.2584197522552
-552.7520261308572 517.8023792732588
-247.46115100190394 185.463428440953
-852.7990221870846 521.8118530028247
-184.81599691825656 81.2946621603099
-574.3186631842115 167.69372818520904
-548.2468004217076 78.18337326995702
-884.1757960168316 41.94109176336268
-530.2180464554689 -55.3504233511273
-674.5812049798147 -170.26590503497687
-284.6307422030978 -120.01297995085135
-814.7743047866617 -496.8341036717837
-549.8040578142186 -446.5941752038317
-635.2123940387995 -689.2862997074005
-308.0548144240869 -429.8716239025471
-324.2179827985276 -623.404394758459
-249.21546561873544 -622.4902869454987
-59.12128063131208 -242.8084319780126
-99.54853393090147 -815.5468881438954
5.067272924249686 -271.69822782132303
110.95248301910854 -805.8672602656991
75.21207509078643 -262.2177928038081
124.59904304987181 -321.42469068614
224.22150578050258 -454.783999993689
85.6524024054016 -122.26079304771918
271.01534635714734 -301.9149254018724
279.41022949926656 -229.97113334322853
233.59968740811576 -138.38847495254592
840.0685154965039 -356.4419990469616
906.595364378652 -255.43420171212028
576.17997312739 -101.22375642021507
926.4845446661536 -76.24034551921079
496.181947540426 31.091321308682495
764.8227958297352 164.8702958412046
637.3660847820028 235.61400043936962
103.59956877295667 55.25417418864025
303.7560198496069 210.30037508684515
