32 32
108.59497186975912 30.522128918297355
136.43365760440463 17.63941938828289
141.8778633361531 40.07116024687097
124.57096076341604 73.73332720026984
172.4369308271015 52.655462525374354
148.67116097136994 71.58502844355263
145.09479294717124 83.73009899221353
133.58832614167272 93.9876050196575
136.45380425329694 102.96658052417845
176.8066773892437 121.04929142570744
169.181290193844 131.50545966235444
165.95781155390404 144.77121152925622
130.95543561585234 134.1134239796106
119.83413527782221 128.18661373364597
130.48698585970513 165.72102069997635
105.04885907529571 122.9757836774754
94.92943651853794 165.54796763687474
88.09989863675305 139.64002223698185
69.73970840589277 146.5586169765355
34.54442515867025 175.60137381153254
69.2281392596935 124.12964887495673
46.980932072143375 124.76884309955388
36.73376439986522 120.47786825553209
86.04018561128873 102.97232881051298
35.25439197715497 94.9544008099063
5.38042105674738 80.64158020778532
47.86412211113198 71.75738617413745
72.82324046950279 74.55817573862986
76.77429716429182 73.99590413206172
65.26048676986994 33.16398475894856
95.61901004971746 77.09095952066538
96.8947745690785 62.98825256505685
-259.6712496031918 178.3469689938878
-235.41453321452855 60.19363678171389
-340.1375073027248 67.22374117290002
-255.7112536229617 -17.975655966666245
-238.83114277459092 -95.48966049940806
-100.52779507117835 -74.9280472483514
-149.97679767351994 -132.83913387807073
-156.4317717983632 -220.9607471205973
-58.429329672488585 -172.79153107478038
-38.59981657897464 -250.2419744554881
9.22928432076217 -127.71127669949416
33.648353695296485 -172.52792388618994
88.54761810951635 -256.874757540851
124.9839872153847 -171.73426312285363
179.6473028150763 -166.0439181756165
89.72316409168381 -56.67955596837198
334.8668454737601 -176.25900353574363
37.67175585499634 -12.715224430547899
203.877430971238 -24.57865463796923
328.0149942738517 -2.1822829336987213
284.3897341468561 84.96299583209267
99.21413375992014 48.200507428278335
199.95899180704689 127.58877010403407
202.20439497964335 172.35398793698783
151.55924595690476 240.29861361776204
45.06251353529573 188.12570849911592
-35.242891526135224 318.040239992843
-10.570144993076118 67.65266133457091
-80.84506809749489 174.08979861981885
-24.070123560568152 32.20664786606389
-163.89342527672756 186.39411469317827
-9.065808225267622 8.134075224120146
