32 32
158.24126125595137 53.28682861722197
152.47427862308575 67.43991818495377
122.5471344593544 92.05618807313486
171.20082446162127 95.37887224943977
165.50247012164155 115.21488202340913
130.03900132730408 114.79636597336852
133.93155747054607 121.81229084610806
104.63964652423985 105.14378781644457
122.79191752214099 148.5721820756569
124.22928396146233 174.5595223482082
101.07206916951233 135.0007528795935
92.50273611411271 154.1817569535684
83.04619354746413 137.43165374126374
43.94133932761082 163.74642657011742
95.21000895228678 103.28938132352268
32.3470056776285 127.6699476863119
13.670257466155263 128.08735117651233
23.05617101523373 122.14514007831033
91.65596699082337 100.75257857210963
84.1608128201043 97.94339850979608
57.50342194603824 81.56899334111667
49.594042704012715 67.06105894568353
38.51288031530971 37.211104970795525
75.2907700640907 61.52939359082148
75.39081614519574 53.16544176062618
81.58978259787312 36.12511565325731
100.80030039616909 31.48993093741396
105.49161749718428 25.984990113903237
108.17649831027735 72.49235604226241
146.449811704334 11.682912694063944
112.18998939981101 82.79685433334248
159.41897386443188 48.743379831381915
-251.25923572262593 -96.34757756360155
-176.29072273632576 -102.44418718842834
-61.61921280938016 -57.029516035553094
-67.19745551810239 -93.80432528559359
-4.104554787143407 -9.426660443878957
-40.857351168650354 -118.67440817997375
0.44809605218354065 -174.99687003724353
51.22264164376115 -232.19722060577985
126.80232826279895 -240.25017806127124
129.41448922055972 -155.51248953689608
176.34716739899685 -171.006249761312
108.76772848410272 -64.86996240333026
197.8967990856046 -92.81540643597171
314.007457295469 -30.803480423661068
304.04098313865705 73.05307761555157
152.28686823078496 52.07427219109844
164.41969093769652 68.95063938230459
209.0182158215715 104.74672313159182
108.5831737991996 81.73955117260043
87.76070114664 143.27642090652844
41.15945201201944 127.5903778919441
47.67023812442607 268.25987363926436
10.628324088479362 203.45390232182473
-3.832455780145552 127.44601060523154
-43.074450921496435 348.86918666374396
-58.85630551032861 121.98134135512225
-115.65520312190415 192.29321943851184
-106.62349768984771 87.00138036861411
-259.10909736726785 95.70376925733765
-308.4258147226805 82.8793066013489
-326.0131863312458 7.853832443950103
-104.16950227119726 -2.28842026325744
