100 100
-5.1405512171099765 15.394254960041778
-1.590426913039611 31.253506150982403
-0.4263704230997425 30.44850922387898
0.9761747488088622 26.220311254974547
2.632332640730984 24.746089027224276
2.8314473084316623 33.17146014887068
4.0678150218561075 32.58943329464722
3.3191252899167294 38.97225380734755
3.961499260044492 39.31973962904404
9.54263625768616 28.51717614364005
9.278883844485987 32.213886825645915
9.146065458566003 34.86869299023647
10.77148658881674 34.47338085028941
12.595425245616752 34.08041751774424
10.75017241449448 38.04005174263999
18.12355470290204 32.221539513020915
12.638330093789545 39.07190134824818
7.472598460042769 44.31785157643076
15.005710632866414 40.01161414850887
20.80464677351759 37.96455932286296
32.2424152810965 33.96014364805977
22.067879396268253 40.7011735481702
10.502163698263166 46.33262760592843
6.577664085177027 48.15738282726955
15.63184440854177 46.66329296929846
33.39646415951135 45.03908283771666
22.83907390234248 48.06236418949968
21.65002503962946 49.527865652703305
26.013697585083293 51.067882552122505
19.36779485185547 52.01879537084325
21.329102952539742 53.58867921284226
19.94209952761543 54.65928383599647
13.394609488587614 54.03150256865302
31.162176858185706 61.55860777521791
14.419159670854011 56.40496783851473
26.81529653422117 63.98934209837726
9.931537900371683 56.00308325529447
26.0446945899008 68.0683299937953
19.469384761530566 65.40399571504761
12.553770691683956 61.28392836520709
13.95572313631482 64.22661494592333
9.779523005029901 61.310004039684145
12.229148706561741 66.08256437182034
14.589341465488378 71.9177992931182
12.24005511563566 71.15834642041294
9.761917226549954 69.62285585681389
12.724471114872319 80.19758411439719
2.884451267426968 58.260131815125064
6.278556346634565 72.41281325237165
4.068600413621547 69.06062715158215
3.6751673600072396 74.74090798206498
2.5891982097285036 80.51909390781867
0.3914272004434247 67.94914676155084
-1.076926104717055 76.2339991920463
-1.9969697616523656 69.15840566489976
-5.334024208157141 81.70245785134072
-5.101895550851878 71.83651231301769
-4.880885868866745 66.21667332675837
-9.667126847638635 76.06271640971416
-7.648123142261642 67.21780835611422
-16.670969691032916 81.95554105649529
-8.248990458138424 63.64718060549139
-11.57034866429545 66.67814332391099
-12.381485668785764 65.64918043761082
-14.230944937245642 65.83243119648094
-16.57103115411326 66.25549884839744
-20.990803255232297 68.15030680876154
-16.4074926473182 62.476223495641506
-24.031460423422846 65.99627669470303
-16.358791909228984 59.46352378468476
-30.034992404989275 64.94171449339528
-18.477524488317354 57.7859449198072
-12.805416948410551 54.47167212018815
-24.891139745759062 56.972816025635176
-29.03894873769196 56.19853050509432
-32.87865411328871 54.88399845816999
-23.246230301059736 51.97217840281375
-21.90812521589052 50.47776288389331
-25.452422676352295 48.95515822014811
-23.097313731790692 47.592459523796116
-20.45360491224013 46.55862569843774
-29.60051737002158 43.08411775157923
-25.698569207195803 42.26525806087967
-29.618915650287825 39.01381536062326
-21.546698145551357 40.42899088444122
-31.441583194701384 33.597158328495766
-24.748242215645334 35.041011781553834
-22.85885944013915 34.14182150531458
-23.882438441454628 31.104437355208347
-11.714089186836812 39.470817454434346
-18.486034692346244 31.155136507355923
-12.714717261281145 35.29544809960903
-24.894614114148016 17.26107077366862
-14.139941462351722 28.757341465933997
-7.252032041790194 37.46402653072043
-16.627832071642512 16.575669063682952
-12.151643162833963 21.161845295957583
-10.386671266903193 20.2559461642347
-3.5116973295223852 37.46415384364238
-5.69051404876874 23.341012742053174
-72.74391324034842 -91.63297129506658
-75.55366387961968 -99.78719942724804
-72.25181492610119 -104.41297936431178
-84.80634447833759 -122.64540568984519
-85.95903692114301 -133.54328157581045
-66.20069729205014 -122.966889448132
-74.3481780576304 -143.07927547839137
-50.58540126672697 -122.19910624023048
-55.59091926786332 -141.0135013264328
-62.893586494809675 -169.2049432891844
-60.58013539052479 -184.69299002996027
-40.155437017893775 -156.73831406595656
-37.902374429077426 -173.8453024038099
-34.05504908943862 -192.76545194421493
-21.49254964631777 -174.21495907537786
-10.286055120042441 -144.43104344696323
-6.5705910850647875 -193.78043910801634
1.941057354617282 -163.07221313217076
5.7440286307234425 -121.65009067787597
14.90317112501984 -153.63258359581516
23.88009990130069 -164.4725351062183
16.173909663951637 -108.78523465390658
35.81213631559411 -154.1035354688463
30.107177454912346 -122.3866936707338
29.334917349063918 -109.65985874308598
49.702686193253996 -136.84385908057146
55.949799051638486 -134.90560546304079
72.89602937540373 -146.79437672427093
80.97566669890058 -144.53110240376543
96.25639475462539 -149.03976519165693
68.47657583299097 -112.12676876596504
122.72988574082048 -148.0319555685545
75.92626919395383 -103.1967913990803
106.49611200681478 -115.04767620881104
87.89083977960837 -96.37198744661139
80.48476790415204 -86.19919741497894
65.88555247208114 -74.78644314212097
122.87424214842069 -87.60518520446581
68.12103809275933 -66.2494865857237
40.235384193591685 -56.961810387061384
139.95025085739337 -65.244308882293
118.84749307661416 -55.43118579506226
70.57518491074028 -48.788469085995125
72.58928680276408 -44.18067810195126
112.65042698108697 -33.7999928945741
76.96507980170544 -33.9443252228928
110.41653125663169 -19.6204835709869
121.08192049379353 -8.347214409682678
137.63006104557832 7.243292391251927
116.84442686730179 7.452727463059674
111.99116695911471 14.095053890006582
110.72941220117399 22.96677678670703
120.4514587985193 40.71222292075224
77.58745281299545 16.46167831796815
82.7558724510947 30.430137445310166
110.63232881749396 71.93975647421624
66.93622694942266 33.79997560774588
60.97412475910304 37.02663616673604
38.95779976855178 13.781743630203565
57.650716277895896 59.26790389120228
29.993233724080238 16.686518690018687
37.85459320192374 50.6223754015122
40.41880479835665 82.06769175952547
33.767809959113684 91.56128911512494
18.457942149440953 56.67661894184201
10.410194050638212 45.57069986645389
5.878435619447067 78.63440194200749
-2.184698681280043 77.26502611129403
-5.447325604962032 17.949064783501612
-17.196086696021148 69.57689253491606
-19.30973484168914 42.563863161910206
-42.07044203307815 102.90803882872672
-33.33064032970911 46.889989113887324
-33.63727904128089 30.874117725730386
-39.64565587441393 30.6293128799245
-48.87813414861679 35.4031465747955
-95.03770218117744 94.22274578790217
-39.88001359688034 2.954339117513122
-53.49042697041695 12.444796513544304
-75.577434635176 27.762847851681926
-26.65760840294383 -25.814341576563272
-44.40706647759711 -14.529327623959695
-111.07265441780144 27.8216668609374
-128.72891678419253 28.627442259610774
-40.00265734539805 -28.8942428027384
-33.836984619346005 -34.78132299987557
-100.88125958546688 -12.048013395953383
-109.98298467068004 -16.340134143941484
-67.83241854982303 -33.81936027161547
-95.3469499760636 -33.502397205301975
-83.67291949948495 -40.88579104275391
-98.85139652629911 -45.48261148184653
-69.87152348803465 -51.199451490229386
-112.61445127051883 -59.02805043526563
-74.8747035520664 -60.7675644208949
-105.048314943694 -71.91411462139142
-73.53225490858054 -70.23133964302521
-66.02019785416158 -72.71127790701578
-92.55401682082541 -88.49519942525365
-109.73137839542792 -103.95522188027122
