16 50
56.745229131515366 53.02485920225142
61.569626449675816 29.447669588255927
79.82931466034613 10.885127423843384
39.425627458553826 -5.935047171410846
49.01579349914318 -12.676731089982935
38.433035991740496 -63.801711794251744
74.59174922472444 -43.98845882278966
95.13357053435918 -18.541160226494622
120.59693020642966 -65.43924757615726
158.62116544488288 -55.06465493975272
225.23035921998985 -23.916521175587185
167.90752307442426 15.820793110475435
162.73960184115646 74.47734679818387
147.4614114683624 79.33902779039877
101.12928681473181 30.69790940886512
93.72579542908005 51.22491376844706
-379.68097967443816 480.95196852384106
-678.4856023879838 718.6043543035357
-593.86598770778 518.6873005697979
-646.5323560714163 444.2498902887796
-675.9930252159045 320.8088386632369
-645.8255732248176 213.07695603916497
-602.1129080949543 138.73704866308003
-884.9745136513455 73.76718588442786
-192.56114268132205 -11.829524074007345
-416.70640342589485 -86.80762206060253
-633.1665602503156 -219.83421246611798
-524.4529239932359 -267.9459157179297
-134.52153354782138 -87.1220098596042
-224.78267877604992 -195.4100436969213
-590.3385989260328 -689.4726355716128
-142.08608909692825 -224.04985830176764
-373.77991581536935 -769.0680574159045
-156.56468119989827 -469.2945017216355
-44.179874949005054 -231.22000526029325
-14.537534596490438 -410.2164458460463
42.73226308347965 -721.7569957874401
103.09246582592164 -489.5607816648747
26.603114882775092 -76.87690347230918
138.86909731923006 -290.2167799060214
270.5246449993107 -425.18696307849103
279.69261870491994 -364.7787960149719
392.5965476016067 -415.5474124454868
755.4155936669165 -609.3996060410111
676.9370993152219 -408.76838215683
875.3852811043145 -390.921955626683
804.6843833571904 -216.41712743972445
168.02254250423104 -23.76473092878942
795.3897222651558 -24.400974162532435
412.0592255557518 49.172160151941796
358.1361676187997 81.79681080288437
678.6125458525667 252.27696361023405
345.38307069203364 186.2922385835269
527.8942535422894 394.8127005180738
418.63987288790275 419.95464104933757
103.75720662347713 131.29086339579254
420.0846229887369 644.2014683858848
84.26271874596986 158.56285247522464
256.7486870932398 707.705912642477
170.78928634934215 887.4091851852924
69.30827991108607 885.3018823816602
-29.21683423249001 709.6244485564316
-90.0939040099493 490.8137040617232
-11.74200305138206 35.80547189439705
-408.8441467275687 908.8406463164852
-165.62733335447027 264.7088880922367
