100 100
32.69553438761737 62.39492222303172
43.489369630212785 55.90705881442153
37.13125286052229 66.80683771107229
33.870000790188456 73.35187032716166
41.202852231794076 71.5815256755301
60.525518690582 63.64000866225286
50.48487855146672 73.83688541594319
53.321320103309816 76.48822461629398
53.202683286717104 80.43065710186112
50.04511450384167 85.08580479400814
50.32160080018631 88.38711054406843
47.0437268176101 92.21630893461054
54.07603146510101 94.51207121668963
43.498707172499564 98.33286662193885
80.71130687848427 101.97980604541235
50.85229528082727 104.45360847372949
66.81839816059923 110.11148037512615
49.737016895691895 110.75820666534665
44.68970013931786 112.6502522096061
42.99524213151223 115.14536196033703
49.31885218149486 120.9398463591975
42.5683475048222 121.32142985870313
47.28729133826011 127.5275552764124
50.06385540172703 133.5213516895337
49.302066040880966 137.7013031210438
45.82705318868981 139.84408707516877
38.30353855576731 137.77921593812277
26.686667513160682 129.85281699919324
28.840233419036686 136.65618340515888
28.5128369743987 141.3396650063596
32.94189319776539 154.83568887362946
25.340659757445803 148.89785297383213
21.608157121520716 149.00418806815134
16.20058542428614 144.04412656439823
17.273328936560493 157.96127196628333
12.212617934472545 152.92037668625701
10.417819457082334 162.96409357167659
4.962513778166382 148.8987852812997
2.3510146632034807 161.3424814947379
-1.3494171153605565 155.01206502387575
-3.141177480126828 135.86666535487024
-5.222160046444717 134.50893007714828
-8.167671723798849 137.76053381030067
-11.240169091980267 139.7082823261313
-18.61096034933301 152.83351752272765
-17.940786218569798 142.25527581986182
-23.897185494254767 147.71085725713544
-20.357280780166008 134.97007480106
-24.136228611818424 136.0472534149739
-32.84370426815015 142.94977475066787
-24.225454740149516 127.86313564676686
-27.27425545006131 127.652783925488
-49.4739001433812 144.22676505675824
-38.18229976076602 130.04094630924226
-48.09214753864427 133.17016628719995
-59.19910307763201 135.56316280590528
-26.23346792592743 113.59514466462466
-47.30468447864816 120.85876932349214
-53.43013325575758 119.65300496481134
-46.045765124865426 113.72232906828002
-47.683963096179404 111.00419270156797
-53.46405011927686 108.84597538044432
-40.118508765336465 104.07144372528245
-49.69573374617724 101.90464089304832
-47.73802901086319 98.82901117467848
-53.28138392691206 95.33365364063694
-37.45563914125062 94.33192098972076
-51.9145108808813 88.77079744934815
-48.52532011221051 86.26400409808815
-36.16746826852726 87.25976710538446
-53.11734101193871 77.44738754856022
-32.414940079899246 83.76416018476301
-46.822226756888476 72.74317477829163
-48.15358443113083 67.75771210836668
-35.15292345660977 73.11855000702106
-25.926352173104977 77.45847132536929
-41.65339029181189 58.91678717625128
-39.16123673100283 56.192610672870124
-32.44121638287344 58.766936441225276
-36.02729698900788 47.76540861411074
-28.617070707149566 52.36349118276148
-19.892792880171886 61.61446186468343
-14.876335179603167 66.26261449292882
-13.106636398838166 64.36731529969423
-11.032637847740371 62.97958979725796
-14.402823947266155 37.58890413793631
-8.362957362295038 49.455254809828006
-3.741362028773613 63.13399484964639
-1.3843388180699032 63.87994525982382
1.2278879946398789 49.94234663670975
4.131444832976934 52.82624105323157
6.190382731065895 59.09288820770605
9.37967668522686 56.63616137139561
13.377041534714666 52.74276235507335
18.175633753111637 48.40230453684387
21.18139302627045 50.11224181203414
24.193152305896113 51.69824343773439
25.550154461166194 56.10952060178003
34.195046486352894 48.92998711377564
26.643598688111368 65.15811514868241
-69.85207604155455 -35.237845312200946
-84.72934444135966 -30.81116206328076
-61.108087619054196 -56.19504739675112
-83.40297450435307 -47.81395669077641
-85.92378763106463 -53.474080079104326
-90.05052876507818 -58.324783967462864
-92.16612568183231 -64.18704898609968
-91.9290852880484 -70.77724414555689
-99.52642767680035 -75.12140566465963
-99.82607452483478 -81.61614579249579
-97.5618965242231 -88.30667077523456
-94.97533929347809 -94.63250027272045
-89.98342991790328 -100.57385352876454
-92.05060363989281 -106.38092986773067
-98.68970119103402 -113.10734470223537
-90.62489940614796 -117.8873291707109
-103.88716050475541 -127.38104558389455
-84.45139669150086 -128.03659125195037
-96.04416016971183 -138.73688700820483
-96.68694351728467 -146.25282810174784
-76.7071512395934 -142.8093878059883
-90.5586789721113 -158.28369150695858
-73.06499866118406 -153.8000651230777
-65.972046041591 -155.28924201831137
-70.9527879978601 -167.4857441429293
-65.36899591323326 -170.5066113890665
-53.239236753557364 -165.19730296399854
-52.77565348066256 -173.62225194623318
-51.097287659894974 -181.6629410796243
-46.28720755828938 -185.48293508297252
-48.76864676932427 -205.37779636958163
-44.68504487319599 -214.99882990046916
-33.06609901245951 -204.0194925968055
-29.408349295298606 -217.64764157414552
-17.8645807231764 -197.00637018209375
-14.169523602953175 -218.22172872898503
-4.720315824558934 -183.52372981621681
0.5400927809877671 -184.68955660471545
6.136400826385616 -188.52305415573483
13.741278764730275 -203.46280853074444
21.336747323605877 -208.10113468601418
27.845626177290836 -205.64983821279134
31.930519299779572 -196.18062794148113
35.28673676697577 -187.4898645623212
44.21217091077602 -192.42115232873908
48.035257654671746 -186.07102232922438
50.83872353338362 -178.99100974518447
64.55562386019704 -187.67194909758229
73.27208268788034 -187.42947156061626
82.17172140623197 -186.3932494543933
64.38466773658294 -159.69314081658044
80.91057661057809 -166.07048371948645
77.25831765308321 -155.38214457139512
76.52720299912025 -147.88380694788344
81.28381611223071 -144.01347314367038
96.97726772593103 -144.88089784865875
95.34136719148252 -137.04675321401425
78.35634586577481 -124.90820351042245
88.5879491232165 -122.14430579577446
98.9120298340829 -118.21552479643493
81.13860453719155 -109.72490746380376
76.08451516782002 -104.2998910817407
106.9412718296232 -99.31800081119171
93.58776954578371 -93.51251409186452
93.96509588599622 -87.52014762540948
93.47668041180235 -81.54979301198523
104.87632373348889 -72.35824536096783
104.1888510598171 -65.41087128676668
102.48840444011846 -58.66399648418887
73.85121792117705 -64.67126208201539
83.60247442893116 -53.34241082438729
88.0638168545097 -43.322005215485774
83.19585675645979 -38.74026423754838
73.8296585139814 -38.12552281407808
76.77157762537269 -26.97979612539733
67.94339833601853 -26.716653422533554
69.14177313859355 -15.328291582167068
54.047248178280306 -24.603868262092945
58.05818331258155 -7.212256850045932
47.242260603896796 -12.75327872629866
36.92408671202838 -20.215565769591578
37.23326227434118 -4.17864394950513
29.6035016681146 -6.873162708248913
22.269074548473967 -10.91291543228779
15.89509382365404 -13.688130752695074
13.319082505422172 11.126174951087876
5.336780584553623 -5.568221237707348
-0.620439055593867 -2.711699974629795
-6.171566352079609 -10.969651776734764
-13.704897528362523 3.1888817036155217
-19.762525444413853 0.1254498823504946
-22.042792109144994 -16.36685038929498
-32.725737671402804 -1.4240272908689064
-35.64338552066703 -11.625861231122926
-45.017575874655044 -5.8952285835900256
-57.014647335496896 2.1605633758663743
-44.059109202458544 -31.54286176972859
-56.62062285588705 -23.1044474816825
-68.5386809711941 -18.218502341491316
-80.67575366224007 -15.179572828880225
