16 50
143.89073168293797 -74.010666477868
177.6646284388662 -22.441067966033767
125.37178945979998 -2.413670955573337
234.7691336873648 33.41124148422782
172.4314727310723 26.930087968184807
110.07964678180156 16.140078501168176
105.42064131893247 11.279293210751268
84.35331098753377 46.44424328405029
63.924272235597634 56.48826353927933
33.62365693638394 44.487278034693006
25.27671594562692 35.861425908822284
48.40648107311013 5.9023315844146405
53.71846668452568 -13.28253665434511
10.422617744808974 -39.465717022140126
54.45635354430322 -88.91341059126952
116.43110790878532 -98.02527986476824
965.8647702179953 81.92703754706103
852.3414269348713 161.64850990061115
853.1251353878197 286.33208265207713
117.56764593558137 58.6980792908423
662.3870841783647 409.1871123046997
490.40180639018166 394.58389104463214
431.7814270115156 452.83615041999076
479.16249137080024 691.9598023406174
7.688811249824718 14.824970195640509
275.81742747933345 684.5198784615894
43.457732520488506 145.72573221262058
61.33475888388937 452.91331871952644
-4.953755012381384 326.9460470258954
-39.02603816739577 227.23241699299058
-242.93312707210106 846.7149829410705
-323.07813124707695 726.8923051535608
-135.85583442214738 240.1521427887667
-230.85895149493842 293.00542727353115
-646.1544658759514 650.4296420072246
-275.5888801496324 199.40439082856182
-722.3281586324615 395.5855851610793
-680.5257564976897 295.17271424254596
-834.9392810735231 213.59070708589607
-731.8626049445494 83.2983956869662
-675.3263106613498 1.4232834745053062
-84.11190823602965 -7.587716111780048
-866.2690092796223 -182.86750415171358
-821.552250700611 -262.53398824978467
-296.85228835475704 -139.93642276637132
-780.2523721586927 -468.7711682988745
-339.9203279195892 -255.0037057606884
-542.264834968502 -562.0713943226671
-222.57916353465004 -305.7654292804826
-297.4779208976836 -517.8540819931901
-179.65064449565193 -470.2574859406758
-102.42714046364145 -441.7047724823796
-50.397382997312924 -759.4842726600546
40.785515858308806 -679.575254910684
123.11805343537254 -558.0779676592751
216.43243263546066 -577.9865066924166
105.51485899791344 -217.91257489974856
198.28626190531892 -317.2746571296247
13.237064439720928 -16.729528106772985
449.9367220683643 -462.48914157774834
220.2275862098679 -182.3822332030565
88.25760708693882 -58.47185478537863
694.7471813929133 -317.5032759958032
251.73061172804967 -78.9716705225601
312.1021555603768 -46.42739970120103
433.1462531788897 -20.745483104270967
