100 100
492.64638164921104 -41.926270639310154
494.5064581534581 -48.24273150581878
498.26355546598967 -35.80216476190589
500.91776678165314 -63.035812089829435
503.33106978534033 -40.480648997244636
504.89245940716575 -34.38826930513641
506.8456666705735 -32.73087539583292
513.1007752141255 -48.41248999722691
515.440779354941 -45.74498570631163
520.7466068585998 -50.26628170487489
519.7730082033005 -40.706315194817165
524.4408814184105 -43.498388535010065
521.492477200197 -33.34591405558414
526.9263059641073 -36.66892825126998
534.1175832542547 -41.36494402934755
510.25818653451637 -11.063184055695007
548.4771889602783 -45.86271434340487
544.3392368476759 -36.80733997110827
528.7576771092563 -20.90170573200554
538.433369653787 -24.666950629584914
538.8271813723933 -21.86919001995948
564.2962756281254 -31.109862177235026
554.5877347023819 -22.33698732718277
547.8209151395918 -16.414096166250925
547.9388424142373 -12.875223161460335
562.86936270406 -12.481454240973726
540.8468560729717 -5.294266931390494
554.573095277959 -3.856432337509238
553.3640133217687 -0.328400636646635
553.3402387788749 3.2148155993814527
556.4794519090085 6.835051014864505
557.5255559695621 10.999677316219078
542.6763095932861 10.729735283197309
537.8697706970066 12.231740811093141
544.2633618202645 17.189449726730114
538.7200542915745 17.746235861837324
545.6573770189608 24.25435833494238
540.1378743986306 24.38593869389045
546.7014911727364 32.67735350104248
536.8650686866355 29.192032500024894
546.9601142115798 42.53005883890517
550.9643333038375 52.65781365927847
534.4607409352135 40.83816151719399
522.6805197485851 30.780154784716114
526.2865830168562 41.330557633491196
517.2233148360293 31.279715697959933
524.9008721016091 51.98257497604971
519.2702429135405 47.36628072296414
510.875094956127 32.2467928262203
515.2773345920889 58.12917850723672
509.2816412765447 46.8576580053875
508.8611624790775 64.76261263571168
504.1267116406431 59.027400857601044
500.10470506050245 49.469434499270484
497.3888935628989 47.72077628851358
496.0950370057165 31.559502898004364
490.48535417651834 49.922986285765525
485.0588521836206 56.8607781819703
485.147625835836 44.63114104313075
485.5049042998234 36.55119868032313
477.78316823434574 46.92186774424393
476.25248067039706 43.34182537165229
481.43297084670047 28.981284407618006
473.99660475323 35.099827052992254
466.9645001128324 38.86024352938947
466.54413601232346 34.5297704527935
464.001862120267 32.990727388233495
465.0682647495565 27.906727915593518
453.4039275971503 32.40051991412594
453.66488430189935 27.994634097642113
454.14063343827 24.176183582998345
452.0934217820419 21.76669853107946
463.2359540098505 13.9724115481232
436.84723699295347 19.50719098893728
435.0230503633212 15.783985707100554
454.9920582792116 7.816132093701464
440.47523928865485 6.410385764902976
452.02407493748706 2.2979405991556807
455.45104888379166 -0.38800914195936165
446.22392638615776 -3.9046662280885758
469.19271308339376 -4.115163960365609
466.38327167748537 -6.817921583544331
450.8355772717568 -13.03771514540523
457.47297421495375 -14.200049101211057
481.9813451167769 -7.216391653863179
453.61408372142205 -22.361285362562704
464.5837794210034 -19.969975588582344
466.5063701544019 -21.89736841118628
460.6216874298513 -29.70917262303528
477.78403644863903 -19.026213935421588
467.48362160053256 -31.60798917717567
454.637544237961 -49.904953580245824
461.28504740777896 -48.48454441253648
474.44161869032797 -36.301063116180785
474.06563793786756 -42.58714412684695
473.82237470691643 -49.526289660739096
480.6768823025068 -43.22276018202801
478.23985202376383 -57.116548706966924
484.4997353346629 -49.5348497548895
488.750638712737 -45.7556774702448
315.6738300428648 -340.1325020447783
320.0797024544469 -303.0383878122645
313.8651625443588 -261.3027174571589
45.131999469160334 -32.939124619367774
381.722301999439 -246.15921710840894
677.4796116870946 -380.34760952160144
446.029553673207 -217.23288463850807
663.3290388610221 -273.15447434063583
549.0409417035322 -187.60962889169244
483.8453508662521 -133.08187986444887
706.9950099890362 -143.76146220129593
389.93173111039613 -53.37794133252647
540.5121413241263 -42.22481564804466
501.2479832218997 -6.507934512885839
372.402121834041 20.975649540932757
618.1468685061352 73.00899982466599
626.35275059501 116.54757546983977
144.10098895022352 36.633220672166544
373.64205669180876 120.35867736723674
664.1599756589874 260.22116232532255
220.91837436950775 102.07119783393381
276.326320593449 149.08803154368906
239.8905379409246 148.6778587623943
107.14333556812862 76.11207679686855
380.173192332264 309.1872448083543
346.4769801613189 323.2019556148335
488.45179832269446 512.2605695842299
160.29223108885228 192.36109730352266
150.87689501737617 207.62215086676895
304.6484181286958 481.83813082178887
313.99850372475447 568.4198524498844
20.994481325562077 43.786927245756694
135.74726091641622 331.49654770974195
142.19096790176928 417.9653624586921
170.00865479506544 620.1970039774997
158.06239099764915 777.1862166902724
82.42364860272963 586.5200393540379
13.020046975354095 160.63936368660578
5.2144834573104175 438.7362246398925
-7.990319725890093 148.67175523457874
-47.39463782633623 391.3757817663332
-118.5369301984149 638.8109180500461
-81.47673601332802 330.9509047100208
-165.75323715393807 525.6291732730165
-117.98839184362085 306.22259499859877
-148.7203617875723 325.5856262241086
-352.8772837956799 667.5533299553989
-48.948016337636915 80.38463082098166
-256.5270537748068 369.3246626632934
-560.1092638367124 709.5042369167912
-379.5934347963791 420.80802071608986
-359.17280223941987 354.3782816766567
-367.46745308911477 320.483992966377
-361.9793836633368 275.7222275804231
-400.0371539697906 268.0517835521454
-716.2665096415917 412.8428032843717
-796.2469472424795 389.83834201314465
-631.5789510247126 264.2088753939509
-273.17757220584934 93.97541125814885
-125.34669489505254 34.22888933816497
-302.588553389674 63.77960649096694
-123.00227321616175 17.83765518762791
-438.53963515756413 35.745562988122096
-343.5477872654581 7.4221060562966334
-688.7262869647192 -30.377980647093608
-316.4921914786683 -35.61423436236244
-247.98295195238947 -45.137700382054184
-384.82228650612336 -93.38866015460788
-271.53924312353763 -83.86226009694452
-264.53408779959943 -98.7773875265962
-567.8922103007836 -253.54329058962333
-792.5995623792811 -417.6472086175507
-511.91977985334535 -314.25828615421227
-22.32181795737827 -15.53438122359645
-221.14222696006354 -173.80452498606874
-357.6988360346505 -320.6074235713484
-168.8881659278633 -173.19456936854272
-334.7059929197736 -390.62234408927395
-248.71667560211222 -326.77761139991503
-67.36741208640656 -99.99708979983743
-32.005573893244915 -54.77033344636829
-302.81718147685956 -597.0082754889771
-142.34693273625612 -333.613829510403
-154.65071350329285 -433.34061912291435
-191.94288454998977 -678.5028918263795
-138.77451392124297 -658.75534228214
-50.374071074400256 -346.8167290866933
-24.26759892387083 -307.7635420557427
-7.614616736435366 -615.7704630245431
23.41798936114621 -447.98239088847737
24.543141282603862 -208.68179091014724
108.00759433754297 -597.4297537013895
77.21937230978662 -306.50308670540636
190.00767264674192 -602.0034475112832
22.729338017528523 -59.57736346482339
334.5990865646909 -729.0207053606969
200.7679805149716 -376.719506579804
461.7184879042462 -748.205816788298
362.2523900489126 -506.3994611242245
185.29389767338316 -228.12927179862933
