16 16
8.43472572993497 -5.371722429609798
9.848339641308858 -1.734994613658647
9.762633117714635 2.165870404456695
8.190654200437953 5.7370012871576135
5.371722429609813 8.43472572993496
1.734994613658665 9.848339641308854
-2.165870404456686 9.762633117714637
-5.737001287157613 8.190654200437953
-8.434725729934964 5.3717224296098065
-9.848339641308858 1.734994613658648
-9.762633117714634 -2.1658704044567028
-8.190654200437944 -5.737001287157627
-5.371722429609792 -8.434725729934973
-1.7349946136586312 -9.848339641308861
2.165870404456719 -9.76263311771463
5.737001287157641 -8.190654200437933
4.89637032109928 -1.0126982169719354
4.911199152880169 0.9381486453377816
4.178342433766237 2.746170880733469
2.80937095587988 4.13611349363851
1.0126982169719443 4.896370321099278
-0.9381486453377769 4.91119915288017
-2.7461708807334686 4.178342433766238
-4.136113493638513 2.809370955879877
-4.89637032109928 1.0126982169719358
-4.911199152880168 -0.9381486453377853
-4.1783424337662325 -2.7461708807334757
-2.80937095587987 -4.136113493638518
-1.0126982169719276 -4.8963703210992815
0.9381486453377936 -4.911199152880166
2.746170880733483 -4.178342433766228
4.136113493638523 -2.8093709558798623
