16 16
-38.10016866004433 -9.935693684079993
-118.2558014825539 -91.18320057133431
-50.27835520591049 -68.96728345443513
-45.14644478102676 -184.74145417878583
-1.3526309055733194 -162.1183636062443
2.309086747213076 -13.71729732541949
11.552416069337959 -32.6165503016971
35.494543046351254 -37.99885550343073
68.35848425737788 -27.62730098639434
10.639303075840411 -0.5220965829271408
176.52668873395754 12.48752977723369
47.15950099956909 29.713114469641113
69.61632070689559 143.89964993073818
-17.826272504245757 132.88693711844107
-18.516276613981812 23.26540705066076
-100.32515244894351 34.215693598368816
143.772939955288 24.345368260187364
100.31471243247574 95.55902871764799
77.22337171811961 124.9672788702167
4.098282463041249 172.4949704543926
-13.639161743719828 83.51520687322969
-127.24828588082163 296.496867708179
-175.11947906077805 119.88226121805113
-194.1407185177612 58.7820114680276
-227.79111695473912 -66.25298422459619
-170.9238985934821 -84.56116491405999
-181.00515388330945 -140.8944322433299
-88.86024561606551 -211.02677759465627
-61.17507739984291 -236.4370828961602
12.360368076706509 -64.86998532671615
191.6015180328056 -179.4841317873726
197.4970447500775 -68.42238496327262
