32 32
72.51192588956741 161.24294191691988
63.89327946360343 152.728724011955
71.37119454816242 125.94926919208882
16.732174644889724 155.37571002371757
65.89382464987243 109.62474877314979
56.64726186934288 104.70932653024205
53.30811934210879 98.27827454994586
37.2898163939133 87.65317353606851
46.93475518761559 73.6152431668391
69.00996343452724 68.32270292411758
72.04154370423096 45.953261501464425
83.37427369966392 45.52656325237666
95.3499397953023 73.15141641529473
99.97778803250496 49.23755671598351
108.01854295482961 43.12844634306779
111.95720279479102 53.26458290651503
117.3979410220109 51.424370530726904
146.64843738587405 40.84485991229858
154.89264127804597 52.23975249567229
152.15474374300783 60.70977421065167
138.20501334478328 79.46576626883123
146.2714088972541 83.6697646465339
133.0671046306907 95.07058094371203
198.3290155782026 118.20452403721652
143.99732687133624 124.78935281948883
141.55550233868195 136.45239362574412
124.88493748379994 134.26643474282866
121.98530405464157 153.75186399496764
113.21168578478606 165.0584840678993
101.23266094250761 172.06832243771265
95.50440349893114 139.0667981323171
79.23423607610295 155.69062115340577
-91.67543006811766 -39.6598394784876
-88.66381889229436 -55.93155608815711
-241.47163070876658 -266.41213269118515
-101.49230675318181 -181.32054236990473
-104.61177022278373 -254.5208723028507
-39.55520643907126 -225.05710162808077
28.272984336321297 -357.40343649892003
80.89068066478619 -208.88568074675354
173.94393130859615 -246.6377828260239
152.86292186457771 -134.85293194644885
183.72773480201684 -101.06441002386296
83.12929943134486 -38.79800973818347
130.1673436901493 -14.390328446871072
230.2766981988457 33.90121717842026
124.3056806685828 34.078769730782625
183.61452491056042 104.39815307071522
124.69767758776729 114.91044732023481
189.6174862980126 285.02483276034457
5.534757812502761 11.964959546874109
14.255433039241648 63.682689008602026
-6.170041128309306 319.1902940400463
-20.93985147441094 175.1250006922577
-83.53239050371124 258.8394127472729
-92.15146548297439 226.08844949216385
-22.690435806132744 46.10119177947708
-128.06810119625757 131.1449953451981
-191.35206868438402 168.2080491897037
-165.7358226162249 72.11249798531088
-386.3256051308929 90.00643357438875
-245.8205170151665 12.779956598607662
-256.83627836705176 -23.150592900638866
-38.4722879942477 -10.030619395591955
