100 100
507.4158997839608 -44.72967021666681
510.70443422540893 -45.6999339137213
515.9467635202144 -52.44929102201786
515.9005172106837 -42.1322512417289
517.1897237615765 -37.61738154566164
532.0045312524703 -60.51859503578373
526.4261173114288 -43.61681692323526
522.6082009360463 -32.50748978229185
513.933472536661 -17.511158291793656
531.3464662062435 -34.533820263785195
532.9865541354571 -32.25187295476273
526.1232964423174 -22.714707319653513
526.6146340161807 -20.1236498571758
521.0250591003297 -14.006652279910838
549.5682286178691 -29.092295726317914
541.1204037645131 -20.91219403468165
533.6291340883872 -14.506454412883857
551.6163724994371 -18.407671360576963
549.242035726977 -13.975723874356369
562.8638232415863 -13.925960519532653
556.3378704450447 -8.79724427549029
544.9167479702423 -4.241949662623872
542.6029546036789 -1.2070246246863734
558.0358848991683 1.9106783697967116
538.9558563825178 3.9021930049943463
558.657431155674 9.403283494124475
564.6806332524415 15.021455298740454
553.2114562503976 15.964243323795378
544.0258785992387 16.24636877126247
558.0948561633048 25.89935572892216
533.5100249047176 17.48164666238388
548.3709653328937 28.863375875573283
532.2166880890992 22.05274421018721
535.4793128018733 27.5690894905849
537.8952874354768 33.61570886564626
535.960975912988 36.218531392671096
537.8238133282331 43.59225635852934
534.0545221810823 44.63005434843108
527.6610697109998 41.03396734695418
531.3344473616154 52.92515616338737
517.3059482782108 34.01565095094525
520.8332073642939 47.85556553446431
519.9143389378899 54.3495140184529
516.3676193876323 56.357688451971406
512.4160296925886 54.45118775189089
507.47335771675193 47.53548355274677
505.4534447829374 58.801917019391695
501.2195050837415 50.872462935608716
498.05681165993553 44.838571513014756
496.80778622514515 30.648522581837607
491.3952062607998 51.22983889161445
488.52930360111714 50.30482608401859
487.3668476471187 43.03784414995818
478.1788208724014 59.063511219135314
476.83703438546314 53.021062601901825
479.23248232574184 40.71452572876458
474.2864696447976 43.99488444484969
474.7979078193848 37.11815551532764
472.2225119668238 35.658901221948696
470.7077248933387 33.00168205976314
463.43761422044537 36.33669176706801
478.99190743232646 18.511950575669665
471.6990953519776 21.884471755616218
453.97626523555755 30.99398711532331
466.9859495221079 19.165464823470415
441.5754670836446 29.47392091591911
464.2934264291785 15.207723036831332
446.1302884618986 18.897105323358495
439.6031231558918 16.933529940110876
452.1347362332615 10.075953574275227
454.77297384197186 6.56953103947173
448.833648307502 3.8711142478589453
438.409367519811 0.6538519868840119
453.86507064705097 -2.4938590446992945
454.71648424259354 -5.0414324419571725
464.4062151413304 -6.0874730448708645
450.2671906425065 -11.837111740008446
438.6744468842879 -18.97257987713599
450.5381308944172 -18.53619274183702
452.6260701181545 -21.342964896154648
449.20268452455764 -26.570830435977964
467.05769465707596 -20.118278437432444
462.3392285010718 -26.62071632025971
452.0937142201822 -38.72707126383068
473.40013653713703 -24.16143441079023
468.81979198711605 -31.95208830378242
463.637972926396 -42.04271583508752
469.7190761967468 -39.79367994126008
464.7487769330509 -53.34551862737643
470.5669613463409 -51.412500136854746
480.9865987211678 -39.28649482049451
480.47984659715394 -48.156235352531304
487.32248785632936 -37.4235742366491
484.57397586711846 -58.557595213607016
492.48390723856346 -37.05180589459483
492.6398674649844 -52.51776434538027
495.58273279809396 -59.17938003365596
499.4059089768659 -46.12804790201347
502.371835211054 -53.74120196640319
505.51798988242956 -52.587746802807736
-239.2229892463825 -84.08445924559936
-224.78543872684466 -95.95817212261359
-387.2841257866697 -193.70136813322685
-322.41185036522154 -185.28535823799555
-315.19111659317247 -210.00549525570105
-208.98126090802452 -160.6093308764835
-671.7395769983915 -580.8066735576621
-301.3581666909924 -296.3611053626111
-249.58656476524206 -279.9656517170427
-413.63830915879146 -523.5784426969427
-120.62607420138217 -175.6555753743547
-139.5602531082609 -234.5203277804859
-152.4883125221586 -296.62724609669954
-130.28123676202947 -294.59512971972055
-241.04919964486393 -646.7430987503793
-231.1776645886479 -774.7361719008728
-71.94850862364886 -305.2274138068667
-88.25533591788137 -525.8637078712578
-57.46965391973374 -557.4034832821793
-9.824883595516484 -249.694865310945
10.367508730532233 -600.483134070489
49.89036908335281 -662.2975167023834
77.25141208458484 -566.8166623648602
75.59895665256494 -373.44046738579414
183.6620044169529 -687.8951163604369
125.06831098502165 -376.76788335733704
147.9228237468732 -368.52931918031675
269.602931700036 -566.9381249531959
114.8332889132111 -206.39425176295492
326.4450706315685 -508.0385055058127
323.9013258657323 -442.26233298237617
357.94175175425914 -430.3138226716035
329.22606620604483 -346.15997348341733
298.6398116577835 -276.3761339429633
290.9102949159967 -234.36032725875623
65.85933257750592 -46.44496497281683
623.6347879717654 -386.0369886441547
324.6288714898729 -173.76479721186277
283.86729455851776 -129.89688846989813
548.2158657764298 -207.65301346192035
698.2926717177454 -213.296310622016
757.0766642574029 -176.49222681304613
559.6764061511523 -92.41867350495203
590.9129775353575 -61.732530202843634
427.25202527890997 -18.934311677118604
840.9871625481856 11.90180761657242
804.6286401688309 65.76498936595948
403.89845979220786 60.71965370461822
917.0898308549225 195.14201972215216
462.60413058144337 126.20563208621512
530.6936625319263 180.9834575562237
549.5455908724265 229.06559691126535
265.90360262945603 131.78215028417316
358.898263068423 207.86866172528724
435.45378265942804 286.30714004758676
181.2431704233839 134.7426792318633
90.24332907155454 76.75599913830185
437.20646801942763 425.17970489949806
195.3604906957331 213.66617827435462
165.68885231200483 207.40123789194465
364.35048589874043 526.0508393562411
511.24390626452407 849.3606447652577
200.05067308901135 385.646441335579
218.5657705816822 487.165233299707
251.7106397229481 668.4101565367143
115.110748174173 374.8841181599779
108.34842639220437 463.61036559833605
97.30575897329953 574.875403193684
63.509044703069556 569.0812794303781
24.5443671587855 514.7365051357853
-8.207069052578651 855.5455286031629
-11.298131333748792 143.7969361113671
-56.87790730853319 394.8611831421012
-107.50199844303809 508.2097448290908
-240.17545693065364 856.038565283018
-323.66015707340034 910.0195305301967
-33.95206086978763 79.59949439340775
-149.26200462516388 298.96871600297544
-289.09498940207436 504.41765063416403
-296.07000902401825 454.77352533197126
-310.93730976942425 418.0902452242179
-244.8494348855876 287.66540862435164
-523.1120791967741 538.5946302640232
-285.00361276666894 262.0991631841782
-428.3622320868426 346.0066078161468
-364.17836508076255 255.96260008700455
-200.07446907862442 121.40027297357811
-439.530197512702 228.46495034562787
-336.27012824397514 149.25109710340345
-437.54212582376033 160.9634849950085
-154.6751265821647 45.709029529883914
-827.0758099179959 193.78309972395297
-391.72251439732844 68.5629353713637
-489.51168251937804 55.328763488851315
-432.7293211105008 20.83173396753485
-497.2109152358785 -6.492256597294429
-635.153583535576 -49.338971361264704
-366.35529033834575 -52.91820498203789
-385.900789771825 -82.05200223494802
-717.0384015358385 -198.01333802857752
