16 16
-54.615179815500795 -103.3707880445265
-30.388559671467114 -91.47676273808933
-2.2571382417607126 -56.742002759880805
2.86698567952123 -13.276424384447793
55.469600140658564 -56.5055923667634
118.78664493675613 -57.04527593455145
54.25243001112842 -12.408070461939934
67.2422399039447 16.030435268328866
117.90263862008462 43.57548029823445
130.50707001807817 74.5379077850436
10.721194927172263 43.95109433815423
0.33682207420511084 134.7971132979436
-19.525148613999207 53.41108368276406
-80.88002794841303 54.74734821860707
-40.31345879596617 -4.376107707432009
-112.5717800165488 -133.38476428734705
-95.50010843001097 81.02952103816587
-222.0991609657025 102.42813883203726
-239.16404600376026 -4.807390749489584
-198.05281398991488 -30.421089745967155
-134.61819800716705 -115.76335102596573
-122.40655746694199 -204.45030768319234
-61.23698381876037 -149.93407053107953
-15.336133518538592 -154.756749928751
42.26111230827858 -251.60193499366363
108.83982464777563 -96.0576094732193
136.48950673885443 -56.50202307086563
230.03885206513488 -22.949025183400067
176.38990337962966 42.27779968372625
85.8408533660144 111.08643793802636
30.875428645487677 187.74365713884552
-58.7254522488225 174.5697375706787
