100 100
468.5617134445505 32.23169904923998
463.1085102032277 33.4251342911908
453.97540053096344 36.87876129929242
469.0746013719938 21.502821442112523
456.11364892432545 26.276937827908874
448.8615448496081 26.316911902936823
450.1034789082651 21.678050163935847
460.12761235668023 14.515937333333822
445.60399611730907 16.2890563667908
461.4243864210712 8.716066339355747
449.31729415853545 8.050066566381838
443.9785831573732 5.486131829663365
446.8658454335342 1.5361698961190842
461.6048065793861 -1.351815743207829
464.9540805996168 -3.3676136185314585
456.24057010589354 -7.2187741906357425
451.61215029242277 -10.867536775821375
447.00709226546803 -15.667951118464458
450.6154115271857 -17.799346633852146
462.8757892530933 -15.8596743850009
447.58745080234183 -26.19284066876573
462.23111813358105 -22.071991048049583
467.213128989129 -22.0930678997335
467.11712223731064 -25.242099983378264
464.99553854170927 -30.279286913258602
470.2825880076832 -29.468397444727337
476.0989624586391 -27.05750636080804
478.58504975951126 -27.680243027108283
466.19487307694175 -50.29133064811894
475.3262413001753 -42.5350724314649
487.22555176627503 -25.28730330583942
483.9738147490081 -37.73513949256619
482.95169401835426 -49.02931860703683
486.5955308429084 -48.65829586552492
490.31649188143723 -46.2695641877674
495.8469730355564 -29.208588840173107
494.2992209636517 -68.09170194085088
499.24072663588254 -43.428651992320006
502.5362444294542 -59.97259623020809
505.4185400672355 -49.71135610445405
509.29566172380345 -53.19563331314779
513.597985109347 -56.58436690446688
516.750980060573 -54.33943096565849
514.2318455284752 -38.225047981613876
516.6541320033548 -37.9656655767534
520.4568798512239 -40.26929927636258
525.2531468306114 -42.4925319990241
533.1117373390516 -48.984755904815046
531.7872052408735 -41.60579274146399
536.5871859298579 -42.24981765163863
533.6803092509832 -33.881735829098865
536.5215784893217 -32.084174321847335
548.4935719029191 -37.66885658684475
558.6847918677905 -39.606274326499395
532.2886544705559 -19.186450923890025
557.3197965227758 -29.462110928805387
545.9434126416901 -20.026259675013378
548.2933634422379 -17.204314320868225
561.9180190747406 -18.151275942244077
547.8408726595951 -10.875617262034964
528.781138241 -4.512963333851927
541.9200420186742 -4.152413485766933
532.268206480148 -1.1221277460774033
551.254145170957 1.3691276640124497
544.0390796774927 3.982763891392973
564.9783929994921 10.184529506482159
553.1648057431177 11.723056804512774
514.7744388771084 4.323402454196149
541.5796128887492 15.325200634186897
550.2013009570092 22.53547928088586
551.9029096577505 26.960843379223423
538.6012595444755 23.456799597479467
557.2045309313818 40.28144599857915
521.9024769522657 17.416472045054366
538.592610850085 35.24305247446739
528.0966186432759 28.820486031187396
509.57635049877575 11.060070575415223
516.7547030921371 22.26169165637628
518.5641336286101 28.440283261661023
527.0695504102275 47.87456987888836
526.1543751716025 53.52155887978388
509.85385327838617 23.640962867387717
512.0797992783007 34.87947514922181
508.68343348727745 30.561742356717698
508.7938988116105 40.779642123621294
506.45166219772466 41.21173417283223
503.6795287123802 41.17629012972798
501.35248079796224 42.53398724158709
498.610306802129 56.028685597606064
495.9274528239682 47.89545990805319
491.4848830366416 55.971127057421384
486.58530591603466 60.592098936414814
486.94891930350497 45.26714840622656
478.1743345305755 59.991204481947165
486.35829160674655 31.661772364866533
474.3619762275964 50.79281818267898
475.91544232547807 40.80669294458621
476.1775164171997 35.296092190036234
462.3416532458924 49.333718439344366
468.79293379238953 35.89157647937267
625.1285051267591 15.99166675727422
603.2093771667726 55.08159463643182
626.0588333239269 97.14384113702575
470.5691847652672 103.57190696500618
471.07959984923014 136.23447197624495
660.9836611373753 233.04853354087342
648.8274980592274 279.2843854946518
635.0986428045084 321.38913455223286
478.7490529220519 282.51194191711056
437.6237595419709 297.2224153983808
515.0344371207539 399.8626724486649
217.27093787608564 192.50581747266457
689.180916928283 684.741501951635
360.0577618998639 405.24685573837905
532.1649145342188 674.7878951145674
263.6964299927601 379.79499608670375
65.74769149387924 108.57235556342194
273.22332852019383 519.6389880002117
293.4930146729167 651.9861652239547
160.01862051471807 427.9069663501729
239.7632294367421 771.5607735024042
155.3854409298908 653.7438468803418
78.77176988069166 459.411603745568
46.04882300902594 410.35604754897633
22.933573204257765 469.7093311667472
-0.4905618325061964 59.483146370625576
-66.04578727629517 935.0567039319789
-79.99322089540975 588.4314731843891
-85.68670144066796 430.73757578213537
-187.1191808471212 714.0110593137478
-57.67683026543787 173.628397035414
-280.89129684478354 686.4893163010232
-159.6056414648519 325.99489925577893
-14.64902810611545 25.817278965130356
-412.17371865473496 625.1652149439873
-52.37911368257671 70.29989127693133
-259.8036756371095 310.2701635246156
-375.0398241423578 390.3728963659392
-431.72480261647746 394.12747512433276
-228.41563752274405 183.2879351419083
-475.35490618475916 334.53185282049714
-230.50586867339695 142.3948590757622
-426.93261978980337 225.61335180872106
-698.6730081365 311.59500190937615
-178.04830935589507 66.50691890663558
-385.43479912030836 118.68632593051358
-570.3729148318373 136.1193579906139
-416.07884033576215 71.08067303647599
-196.84699015381472 19.905983305543167
-538.1132680418772 18.79625315415296
-554.1562566875895 -12.329699012319534
-275.0113522164248 -24.983379484010918
-294.67194312097706 -46.726093738104794
-262.83480817809726 -58.92360943077872
-366.7146868323131 -105.72209471351498
-240.50549961264014 -86.65782730504591
-503.3493515187756 -218.34553675728165
-682.0698761309175 -343.47552097201185
-571.4093701595415 -334.4511487949404
-641.6691849105104 -425.7634627850504
-603.2916918564223 -460.21603688331874
-376.1610598169619 -328.5559204430864
-246.93777448353734 -245.78768940054195
-370.783571884254 -413.8483480048055
-418.92274027128644 -531.8033078816771
-166.39948210498605 -239.95600001230363
-183.51084446449715 -300.1901856077125
-342.5573598921727 -655.4832469374281
-118.79773406988096 -270.5070223477954
-110.8974803402022 -307.3298760949032
-132.0566402251776 -452.9892591398097
-210.53686452568755 -955.5133156960125
-127.3224646306148 -797.146071206292
-59.803540094874045 -604.062223384792
-18.093102792665235 -577.0973747115272
19.55228985528641 -610.149802477384
73.3881578390803 -805.3612776704681
48.73691757889672 -325.736869858852
61.00236634445121 -289.91858100949406
57.89476199441359 -209.52504141999177
232.74023785147955 -680.8349578329675
179.10262545343272 -430.12527887299615
415.5303955045349 -851.5775334453082
138.64371625549742 -247.30073189226223
130.14580230140976 -199.4380101865431
435.21132761060187 -581.5360303797062
353.23859665794333 -410.45456478266624
361.63141249720945 -373.7583467806795
245.85761035609391 -222.2573145760671
64.39468541241138 -51.94428320296755
178.5904012993358 -126.43910918247649
518.93041264571 -321.06915430453836
445.79790015640805 -241.5005832947879
480.62150951913924 -220.59490471979115
488.1391886007071 -189.8354520615712
745.7187205453964 -233.6934103871946
119.59356370424076 -29.133885482452914
207.27758128381703 -36.07493774856457
441.96040184734073 -46.80164111625054
715.7563817280859 -28.372437626241496
