16 16
64.32315378507248 -36.93249686752055
145.9581214459889 -45.058735857021546
25.09284869384734 -4.7706885201155815
86.90930092512524 50.73273830271262
87.59037336063578 82.57708808554052
97.99649219394627 133.363493537563
44.21247889982306 99.50957251688467
11.898184067182646 144.23395729787782
-71.55498067800067 186.76157190431587
-39.249642985193546 63.96724155147391
-101.55273534260311 28.87194370449373
-78.54736107290331 -39.17542318248903
-98.2501496256327 -73.94212707595426
-70.79326350036057 -110.14878314781264
-4.082852675059432 -120.40423344030815
3.620532645277326 -4.909425030808304
-257.51011105886323 -8.092083408805914
-136.7036734289095 -80.65712348899646
-51.94689132500441 -107.24741377019959
30.37655210471159 -156.61296026132996
84.32392768540457 -218.5944953321374
55.41395653548467 -89.12625335858665
282.85467905292995 -97.82980412730987
191.17737052622476 -33.477509475301055
232.58613787103246 24.066635264914325
171.13409991508826 46.168222276534316
111.00458377220014 47.9762956956905
86.82467192632375 160.07767844274403
35.544662495048286 228.77620956322733
-11.34171013905558 138.33607814119213
-65.69794622300257 204.9025136412573
-107.76332966341614 93.16537372928332
