16 50
85.15493531591152 -10.144687085810988
6.582344334491822 -104.0546773375176
87.7913599307226 -88.85083265239633
108.53213477988282 -62.72285138582694
182.5002529041279 -68.3158863918343
140.73968808119167 -23.690329382154864
168.86738590174053 10.406954153106737
191.4321958533036 24.42448759410141
155.8092108167855 31.73332541211366
127.9570544458337 39.410352226987065
112.93978807590683 89.89064340587792
94.58361997603754 25.83006375173711
75.7889701567536 64.51766172435853
75.40346733841442 35.01927204135304
67.52623213728862 26.503463653961028
70.2037704527309 2.8097518204085654
-482.7195351761866 207.918859299085
-808.4045010785736 238.02931445511666
-478.9901320307284 66.15076149118065
-207.1526559660104 -2.6135938317265976
-228.036883397781 -28.52723481311608
-959.7953763752164 -237.30798318880719
-508.8408658603385 -203.2513280285792
-824.5610255453723 -430.8457547146156
-807.6481290221171 -581.9234696032802
-451.17758105155275 -414.4836873988955
-358.47067001083417 -431.6719585353926
-77.77445712128377 -115.43547594131657
-115.49132187129918 -237.73062112437907
-217.0476501264599 -622.1703466550653
-14.957815581129042 -70.18148027304183
-51.69826694615516 -581.0879536759924
15.602314637366101 -418.74570217022773
56.12733805851503 -308.567998144315
75.46137187828842 -249.45114913378782
174.6753941453365 -377.7010432428349
91.96780424417176 -157.9671963403886
101.50172414955343 -136.42144683458326
348.8555456150375 -348.2766616872464
583.6078624296392 -482.76984629197835
356.4548952029747 -220.5450114011207
786.1740064312802 -392.13409510612905
880.5147057534201 -308.59867085787045
938.8285132826984 -170.4033974934378
673.9163833314993 -60.37072050147712
572.4786095185434 23.183680566449123
760.4446211768387 103.29023338508627
502.61726217264527 150.48341254762124
655.0300606159032 302.7514067640506
33.121005544237256 21.664724165275558
412.5155380206015 361.78609958775286
565.9966170577362 594.4361309692022
217.84039646180594 275.92200820649373
180.2866887407195 306.8006390999375
314.551159278864 822.6473862454866
176.07694387894648 830.8037420397052
45.2711414618817 687.2666541942032
-62.4872350953955 785.3946218046372
-147.0362539684487 780.5008039812841
-206.52054790775108 596.5951942006087
-429.1836371266043 900.4968136839251
-372.00024169571105 617.3984516101626
-400.33569514800786 508.39580513311756
-40.21953813919194 40.511159756249235
-542.2647882363974 444.5315912922007
-299.3551246760812 189.73821124393368
