16 16
-113.67757564957212 -125.86224315940615
-55.887879400728515 -128.64575534400396
-28.583386563079717 -147.77552970989407
-2.884451773541722 -95.76422677177473
27.14694030604208 -76.3919658130821
38.660266889122155 -46.83690363758308
104.16935700954681 -55.55268712800134
177.39152636277294 2.0219455119196454
160.81670612632723 106.705433135565
59.90629770991878 81.78428051257416
29.053317077980978 72.0379757204922
4.44678553809106 95.8783880820177
-71.44124526411439 135.41132613516103
-129.76255419123925 73.59963399757136
-128.3928541098553 -2.2849287233766153
-69.74057154656593 -13.84753871027482
162.32817865621374 42.4006643217634
77.50557554719781 104.85290477723181
147.44671065085998 299.40890913005495
-22.94557110068844 151.54282298012114
-102.60912865574889 188.74402069652393
-117.76781364154046 149.82245019995622
-161.62290604636428 116.94217335391073
-103.49504186246473 26.057940047331968
-139.19205706652116 -47.0809998917565
-71.853791799027 -98.02536456273783
-113.80682046128308 -245.11667449251806
-2.464054214120471 -150.74693363842454
67.8677498565974 -131.67059789616582
181.0671443777532 -177.49951994484655
218.1625799867794 -34.62065986823092
274.93160632446353 33.98447574033606
