16 16
120.2982854894481 37.63531448191366
142.539688977619 60.84758593435739
119.53111055282176 83.56827319441368
70.55783475697785 99.37767165932395
-5.087944431126341 75.31890331192473
-93.67965583943003 111.43582594004003
-163.33184210133584 94.57713422274321
-163.8713619946119 -5.471017378500085
-5.346748341687937 -0.8509188839463863
-107.59279117932483 -42.24169626290343
-52.27648685270429 -135.64828716477342
-5.349699758430294 -93.01878719504926
7.5317659107702895 -21.863212925211766
81.73939352906625 -73.85092442516233
56.61647695331589 -25.38159807138705
118.82589145583846 3.579918351485409
-148.9334030441578 -87.93845041765402
-70.5123257307048 -124.61304758289313
7.499380658338823 -78.32316652538101
218.8162355173564 -249.6017871239307
178.53837140105367 -72.9713091440997
303.10706170643584 -19.197026639191666
123.4214609907562 82.86510396630364
109.15893101927452 195.2358019233177
108.01174383991618 290.8397737746612
46.847926738275675 242.2848722470165
-53.831364286263224 152.26829287523856
-35.97835043736069 67.21581159477788
-65.62449062350612 93.14668422899119
-184.45425905206213 132.31122222018945
-238.53223586699676 52.97399381459926
-238.49548644741043 -35.163923255037474
