100 100
100
1 1
"
1 1
$
1 1
]
1 1
h
1 1
@
1 1
j
1 1
b
1 1
T
1 1
8
1 1
?
1 1
W
1 1
1
1 1
-
1 1
)
1 1
T
1 1
+
1 1
@
1 1
#
1 1
;
1 1
N
1 1
h
1 1
|
1 1
1
1 1
f
1 1
y
1 1
2
1 1
:
1 1
E
1 1
D
1 1
4
1 1
U
1 1
W
1 1
P
1 1
V
1 1
{
1 1
F
1 1
+
1 1
2
1 1
&
1 1
y
1 1
8
1 1
C
1 1
<
1 1
?
1 1
j
1 1
J
1 1
s
1 1
R
1 1
U
1 1
^
1 1
v
1 1
j
1 1
|
1 1
Q
1 1
}
1 1
)
1 1
\
1 1
<
1 1
6
1 1
W
1 1
W
1 1
:
1 1
~
1 1
p
1 1
)
1 1
1
1 1
.
1 1
S
1 1
%
1 1
~
1 1
,
1 1
a
1 1
(
1 1
x
1 1
p
1 1
<
1 1
8
1 1
!
1 1
O
1 1
$
1 1
N
1 1
A
1 1
~
1 1
#
1 1
w
1 1
l
1 1
]
1 1
=
1 1
E
1 1
o
1 1
o
1 1
c
1 1
`
1 1
{
1 1
<
1 1
)
1 1
)
1 1
z
1 1
t
1 1
T
100
88 26 48
3 90 6
25 13 11
77 70 23
78 65 42
5 14 59
85 90 8
55 12 46
96 40 57
92 46 1
29 66 100
75 81 100
22 97 69
88 57 76
1 39 80
80 65 74
95 41 45
61 5 10
23 46 17
9 2 84
0 68 51
73 52 97
25 77 96
27 87 82
63 28 16
58 80 74
30 26 73
88 30 90
29 23 48
72 97 87
17 55 71
48 89 24
86 7 98
18 66 24
61 96 75
53 40 85
33 57 54
85 55 43
38 19 31
75 87 32
80 88 90
16 54 90
76 2 5
30 29 28
67 5 75
85 47 31
54 52 23
73 38 70
42 88 64
58 67 6
44 32 60
39 71 79
69 92 45
53 74 12
51 96 35
28 66 63
98 66 37
43 45 35
63 79 72
21 78 32
96 80 34
48 30 21
91 34 20
92 90 76
71 53 46
71 76 66
56 54 23
67 6 18
73 47 48
55 21 41
22 38 31
75 53 29
28 41 97
9 87 62
41 67 81
73 51 66
85 54 100
13 74 88
93 78 44
26 44 60
5 1 3
11 75 83
29 53 71
58 83 67
86 68 88
13 53 34
12 62 3
70 21 32
92 32 63
22 30 19
78 8 91
47 89 48
99 78 91
73 78 14
8 14 1
4 30 91
74 75 27
8 18 72
22 17 2
43 31 52
